T_b_c0: 
 -0.0131646    0.034646     1.00904   0.0858871
   -1.00963  -0.0114843 -0.00346642   0.0495632
 0.00172745    -1.00904   0.0250154  -0.0292849
          0           0           0           1
T_b_c1: 
 -0.00123484    0.0337709      0.99986    0.0860525
    -1.00043  -0.00187049 -0.000756366   -0.0459451
  0.00141385    -0.999859    0.0333417   -0.0291184
           0            0            0            1
theta_b_c0:  1.55776 -3.13988  1.60527
t_b_c0:  0.0858871  0.0495632 -0.0292849
theta_b_c1:  1.56956 -3.14018  1.60456
t_b_c1:  0.0860525 -0.0459451 -0.0291184
T_b_i: 
   0.999312 -0.00642989  -0.0365201  -0.0148643
 0.00792197    0.999133   0.0408598 -0.00350622
  0.0362257   -0.041121    0.998497   0.0289043
          0           0           0           1
gyro_bias:   0.0010504 0.000369959  0.00206875
accel_bias: -0.054921  0.202953 0.0132924
g: 0.0600364 0.0462513   9.75633
T_b_i: 
   0.999312 -0.00642989  -0.0365201  -0.0148643
 0.00792197    0.999133   0.0408598 -0.00350622
  0.0362257   -0.041121    0.998497   0.0289043
          0           0           0           1
theta_b_i: 0.00792725 -0.0362336 -0.0411596
t_b_i:  -0.0148643 -0.00350622   0.0289043
T_i_c0: 
-0.0210912  -0.002022    1.00922  0.0989946
  -1.00874  0.0297956 -0.0109801  0.0547684
-0.0390476   -1.00926 -0.0120139 -0.0596128
         0          0          0          1
T_i_c1: 
-0.00910813 -0.00248774     1.00037   0.0984093
  -0.999612   0.0390292 -0.00855574   -0.040665
 -0.0394205   -0.999666 -0.00325423   -0.063355
          0           0           0           1
theta_i_c0: 1.54989 3.10293 1.56818
t_i_c0:  0.0989946  0.0547684 -0.0596128
theta_i_c1: 1.56168 3.10218 1.56795
t_i_c1: 0.0984093 -0.040665 -0.063355
