1693382559027013376,-0.04923,-0.05475,0.13577,0.99964,-0.02052,-0.01399,-0.01034,-0.17969,-0.13830,0.48515,
1693382559128648448,-0.06742,-0.06970,0.18578,0.99942,-0.02425,-0.02283,0.00662,-0.17645,-0.12136,0.55008,
1693382559230319616,-0.08134,-0.07881,0.24503,0.99904,-0.03231,-0.01858,0.02316,-0.14575,-0.07483,0.62308,
1693382559331441920,-0.08930,-0.08094,0.30912,0.99914,-0.03216,-0.01133,0.02349,-0.09746,-0.04578,0.66673,
1693382559398355456,-0.09044,-0.08169,0.35029,0.99957,-0.01939,-0.00945,0.01971,-0.05967,-0.02419,0.66232,
1693382559499108096,-0.09259,-0.09234,0.42876,0.99976,-0.00467,0.00581,0.02062,-0.02221,-0.02722,0.67907,
1693382559599869952,-0.09262,-0.10043,0.50181,0.99961,-0.00567,0.01311,0.02401,-0.01419,-0.03211,0.69628,
1693382559700643072,-0.09956,-0.11049,0.56958,0.99944,-0.00733,0.01282,0.02999,-0.01798,-0.05523,0.69839,
1693382559801425152,-0.10513,-0.12223,0.62447,0.99942,-0.00574,0.00125,0.03368,-0.04126,-0.06013,0.63012,
1693382559902218752,-0.10723,-0.13201,0.68885,0.99919,-0.00248,-0.00574,0.03984,-0.05197,-0.07263,0.55661,
1693382559969419776,-0.11373,-0.14015,0.71815,0.99880,0.00396,-0.01413,0.04666,-0.07128,-0.08803,0.49982,
1693382560070229248,-0.12021,-0.14537,0.77119,0.99832,0.01043,-0.02127,0.05296,-0.07213,-0.07491,0.41952,
1693382560171049984,-0.14088,-0.14447,0.82896,0.99833,0.00984,-0.02651,0.05047,-0.07496,-0.03761,0.33859,
1693382560271880192,-0.13606,-0.13465,0.89398,0.99825,-0.02050,-0.00237,0.05543,-0.04407,-0.06853,0.29723,
1693382560372717312,-0.12483,-0.15408,0.91668,0.99750,-0.01919,0.02267,0.06416,-0.06056,-0.11162,0.22840,
1693382560472838144,-0.13220,-0.16870,0.92713,0.99730,-0.01499,0.02520,0.06729,-0.06937,-0.10925,0.18510,
1693382560572970496,-0.15182,-0.17048,0.94501,0.99781,-0.01706,0.01733,0.06157,-0.05532,-0.06999,0.16959,
1693382560639730688,-0.15739,-0.17696,0.94046,0.99813,-0.00911,0.01390,0.05884,-0.04101,-0.05653,0.13073,
1693382560739879168,-0.14721,-0.19187,0.94107,0.99824,0.00407,0.01587,0.05705,-0.00808,-0.05469,0.10590,
1693382560840038656,-0.14734,-0.19957,0.94805,0.99808,0.00770,0.01248,0.06015,0.02457,-0.02728,0.09788,
1693382560940207360,-0.13656,-0.19518,0.95927,0.99775,0.00660,0.01993,0.06366,0.07416,0.00503,0.12067,
1693382561040387584,-0.11229,-0.19736,0.97729,0.99657,0.01411,0.04025,0.07092,0.14067,0.01546,0.13837,
1693382561140577024,-0.10839,-0.19589,0.97839,0.99593,0.01850,0.02891,0.08330,0.16420,0.03666,0.10252,
1693382561240777728,-0.09994,-0.18595,0.97062,0.99544,0.01850,0.00766,0.09323,0.18555,0.06904,0.05653,
1693382561307583744,-0.09173,-0.17518,0.97463,0.99547,0.01563,-0.00596,0.09357,0.22370,0.11402,0.03993,
1693382561407758592,-0.06052,-0.16948,0.98517,0.99414,0.01861,0.00071,0.10645,0.27089,0.10445,0.04020,
1693382561509152000,-0.02840,-0.16321,0.99839,0.99213,0.02745,0.00970,0.12178,0.30358,0.09407,0.05809,
1693382561610578688,0.00227,-0.15398,1.00333,0.98951,0.03115,0.01102,0.14064,0.33466,0.09213,0.03212,
1693382561712041984,0.03530,-0.14254,1.00557,0.98614,0.03496,0.00308,0.16214,0.34132,0.08428,0.00726,
1693382561779703040,0.05664,-0.13190,1.00998,0.98440,0.03590,-0.00681,0.17214,0.32439,0.09526,0.00630,
1693382561881223680,0.08368,-0.10912,1.02070,0.98272,0.03155,-0.01748,0.18154,0.31904,0.15443,0.03546,
1693382561982779904,0.12129,-0.09504,1.02595,0.97996,0.01962,-0.01531,0.19765,0.32931,0.15967,0.06540,
1693382562084370688,0.15237,-0.07647,1.02900,0.97800,0.00761,-0.02119,0.20740,0.27886,0.17193,0.07289,
1693382562185997056,0.17857,-0.06003,1.02304,0.97398,-0.00594,-0.03938,0.22313,0.19223,0.13547,0.04592,
1693382562287657472,0.19848,-0.03719,1.02083,0.97036,-0.01117,-0.05772,0.23441,0.14270,0.14007,0.01682,
1693382562355450880,0.20924,-0.02824,1.02359,0.96802,-0.00771,-0.05981,0.24353,0.12583,0.12953,0.01461,
1693382562456446976,0.22110,-0.01530,1.02974,0.96382,-0.00557,-0.05440,0.26087,0.11755,0.12991,0.00198,
1693382562556019456,0.22674,-0.00143,1.04879,0.95975,-0.00510,-0.04657,0.27692,0.11090,0.13051,0.02950,
1693382562655581440,0.22706,0.01679,1.05499,0.95533,0.00135,-0.04216,0.29253,0.11849,0.18433,0.03185,
1693382562755130368,0.23650,0.03636,1.05069,0.95086,0.00136,-0.03820,0.30724,0.13695,0.23336,0.01664,
1693382562854668288,0.24634,0.06315,1.03882,0.94599,0.00553,-0.04034,0.32163,0.15226,0.30267,-0.02469,
1693382562954193664,0.26363,0.09477,1.02960,0.93820,0.00792,-0.03670,0.34405,0.17421,0.33132,-0.05044,
1693382563020537344,0.27367,0.11283,1.02022,0.93256,0.00984,-0.03917,0.35874,0.17285,0.32270,-0.06995,
1693382563120043776,0.28805,0.14413,1.01878,0.92340,0.00939,-0.04175,0.38146,0.15010,0.32391,-0.01705,
1693382563219536896,0.29753,0.17480,1.01271,0.91592,0.00307,-0.04817,0.39845,0.08003,0.25381,-0.02890,
1693382563319019264,0.29968,0.20102,1.00893,0.90510,0.00463,-0.04527,0.42276,0.05281,0.24134,-0.03568,
1693382563418492672,0.29733,0.21737,1.01800,0.89950,0.00302,-0.03437,0.43555,0.00516,0.22900,0.01155,
1693382563518079232,0.29531,0.25398,1.02135,0.89142,0.00246,-0.03847,0.45154,-0.02321,0.27215,0.02266,
1693382563617653504,0.29190,0.28801,1.02313,0.88523,0.00299,-0.04259,0.46319,-0.02985,0.34476,0.01728,
1693382563684029952,0.29448,0.31573,1.02595,0.87980,0.00435,-0.04037,0.47361,-0.01525,0.39011,0.02994,
1693382563783585536,0.29540,0.35804,1.03121,0.87260,0.00753,-0.03449,0.48716,-0.02805,0.42573,0.05374,
1693382563883128320,0.29378,0.40269,1.03051,0.86478,0.00936,-0.03533,0.50083,-0.04935,0.47303,0.03837,
1693382563982660352,0.29231,0.44973,1.03654,0.85878,0.00381,-0.03504,0.51113,-0.06827,0.45498,0.06419,
1693382564082180096,0.28860,0.48475,1.03296,0.85357,0.01242,-0.04103,0.51921,-0.06559,0.40438,0.03131,
1693382564181688576,0.27791,0.54133,1.03895,0.84827,0.01951,-0.03949,0.52772,-0.08370,0.38649,0.04407,
1693382564281184768,0.28728,0.54709,1.03612,0.83901,0.02269,-0.03452,0.54254,-0.02719,0.32265,0.04228,
1693382564380669952,0.28584,0.58350,1.04544,0.83077,0.02354,-0.02605,0.55551,0.00045,0.31558,0.06724,
1693382564447031296,0.28318,0.61821,1.05118,0.82649,0.02408,-0.02276,0.56198,0.01313,0.33072,0.05923,
1693382564546619648,0.28749,0.65579,1.05503,0.81991,0.02935,-0.01666,0.57149,0.04542,0.36224,0.03126,
1693382564646197504,0.29652,0.69184,1.05582,0.80257,0.02282,-0.01493,0.59593,0.07160,0.37183,0.01145,
1693382564745762304,0.30508,0.72702,1.05328,0.78812,0.01703,-0.03014,0.61455,0.08720,0.38923,0.00222,
1693382564845317120,0.31657,0.76726,1.05803,0.77541,0.01167,-0.03295,0.63049,0.10552,0.40139,0.04344,
1693382564944859136,0.33372,0.80027,1.06404,0.75457,0.00578,-0.03222,0.65540,0.09846,0.34974,0.08738,
1693382565044390400,0.33615,0.84596,1.07125,0.73600,0.02169,-0.04125,0.67537,0.07428,0.31274,0.06513,
1693382565143909120,0.33317,0.87715,1.07701,0.72942,0.02179,-0.03548,0.68280,0.01235,0.27329,0.03818,
1693382565210248704,0.31363,0.89900,1.07995,0.72635,0.02123,-0.03940,0.68587,-0.06714,0.25113,0.02430,
1693382565309749248,0.30412,0.92335,1.08260,0.71802,0.02639,-0.04446,0.69410,-0.10228,0.29178,-0.00234,
1693382565409240064,0.30312,0.96041,1.08733,0.70800,0.03531,-0.03808,0.70430,-0.10863,0.35532,-0.01040,
1693382565508836864,0.29266,0.99879,1.08387,0.69717,0.04254,-0.03177,0.71494,-0.13683,0.39496,-0.03122,
1693382565608420608,0.27624,1.04174,1.07966,0.68901,0.04536,-0.03909,0.72228,-0.18460,0.45419,-0.02836,
1693382565707994112,0.24550,1.11706,1.08221,0.68538,0.04138,-0.05525,0.72491,-0.24698,0.51398,0.02776,
1693382565807555072,0.24359,1.11849,1.09043,0.67659,0.03547,-0.06479,0.73264,-0.19530,0.45747,0.08998,
1693382565907105792,0.22100,1.18724,1.09748,0.66846,0.06135,-0.05906,0.73886,-0.15612,0.43488,0.05394,
1693382565973465856,0.21268,1.22269,1.10520,0.66059,0.06808,-0.04647,0.74621,-0.13188,0.41201,0.02871,
1693382566072995840,0.19598,1.25426,1.10796,0.65464,0.05649,-0.04526,0.75247,-0.17300,0.37194,-0.01828,
1693382566172515584,0.19368,1.26022,1.10097,0.65646,0.04276,-0.05833,0.75089,-0.15134,0.34345,-0.05503,
1693382566272022784,0.16623,1.32459,1.09847,0.64045,0.03691,-0.05068,0.76543,-0.13369,0.40685,-0.04967,
1693382566371518976,0.15673,1.36295,1.08974,0.62267,0.04729,-0.03910,0.78008,-0.12373,0.39696,-0.04687,
1693382566471083008,0.14644,1.40040,1.08195,0.60256,0.04970,-0.04363,0.79533,-0.13387,0.38990,-0.02342,
1693382566570671872,0.13620,1.43042,1.08555,0.57978,0.04086,-0.04516,0.81250,-0.12171,0.38431,0.04915,
1693382566637057536,0.13040,1.45188,1.08630,0.56387,0.04546,-0.03881,0.82369,-0.08039,0.32302,0.06425,
1693382566736626432,0.10595,1.49483,1.09026,0.54227,0.05733,-0.04172,0.83721,-0.13800,0.28557,0.05889,
1693382566836184320,0.08079,1.52297,1.09603,0.53205,0.05315,-0.05031,0.84354,-0.14991,0.20661,0.04209,
1693382566935729920,0.05460,1.55110,1.09982,0.51559,0.05813,-0.05249,0.85325,-0.18965,0.19193,0.01656,
1693382567035265024,0.07128,1.53076,1.10168,0.49861,0.05706,-0.04618,0.86371,-0.16574,0.12328,-0.00172,
1693382567134787072,0.03324,1.56920,1.09943,0.48060,0.05544,-0.04788,0.87387,-0.24152,0.14124,-0.02070,
1693382567234298880,-0.00801,1.60080,1.09459,0.46450,0.05655,-0.05039,0.88233,-0.31596,0.16404,-0.04626,
1693382567333798144,-0.02586,1.60237,1.09171,0.45191,0.05469,-0.05053,0.88895,-0.36084,0.15534,-0.04651,
1693382567400127488,-0.05472,1.61615,1.08994,0.44517,0.05688,-0.05059,0.89221,-0.40041,0.15035,-0.03212,
1693382567500361728,-0.09387,1.63239,1.08805,0.43214,0.05797,-0.04897,0.89861,-0.40943,0.15010,-0.00237,
1693382567601106944,-0.13137,1.64501,1.09341,0.42576,0.04989,-0.04412,0.90238,-0.37044,0.11701,0.03790,
1693382567701863168,-0.15594,1.64929,1.09329,0.41580,0.05187,-0.04641,0.90679,-0.32964,0.09288,0.03218,
1693382567802628864,-0.19265,1.66538,1.09594,0.40623,0.05305,-0.04162,0.91128,-0.30386,0.12330,0.01261,
1693382567903405312,-0.22410,1.67479,1.09509,0.39013,0.04518,-0.03856,0.91884,-0.30594,0.10798,-0.01797,
1693382567970594816,-0.25811,1.68301,1.09257,0.38433,0.04297,-0.03932,0.92136,-0.32612,0.10603,-0.02997,
1693382568071387648,-0.28503,1.69310,1.08945,0.37030,0.03706,-0.04194,0.92722,-0.30933,0.10686,-0.02707,
1693382568172190976,-0.31912,1.70453,1.08742,0.35663,0.03213,-0.04011,0.93283,-0.34058,0.11458,-0.01869,
1693382568273003264,-0.35305,1.71846,1.08426,0.34014,0.03002,-0.04024,0.93903,-0.37198,0.13285,-0.01569,
1693382568373827328,-0.38883,1.73310,1.08083,0.31689,0.03153,-0.04600,0.94682,-0.40643,0.15331,-0.00880,
1693382568474655744,-0.43367,1.74961,1.07811,0.28425,0.03828,-0.05006,0.95668,-0.40322,0.16575,0.02922,
1693382568541399808,-0.46545,1.75918,1.07962,0.26556,0.04770,-0.04728,0.96175,-0.40329,0.16229,0.05945,
1693382568641524224,-0.50770,1.77173,1.08350,0.23420,0.06635,-0.04484,0.96888,-0.33160,0.12842,0.06305,
1693382568741658112,-0.53273,1.77880,1.09330,0.20423,0.07978,-0.04548,0.97461,-0.26225,0.09140,0.06486,
1693382568841803264,-0.57497,1.78225,1.10665,0.18008,0.08297,-0.04088,0.97929,-0.25388,0.06384,0.07715,
1693382568941957120,-0.59034,1.77914,1.11670,0.15939,0.08645,-0.03204,0.98290,-0.23646,0.03685,0.05992,
1693382569042122496,-0.62424,1.77742,1.12308,0.14134,0.08210,-0.02868,0.98613,-0.27022,-0.00634,0.03984,
1693382569142297088,-0.64955,1.77230,1.12546,0.13064,0.08099,-0.03375,0.98754,-0.29510,-0.04383,0.01343,
1693382569209085952,-0.67686,1.77131,1.12238,0.12296,0.08139,-0.03532,0.98844,-0.31801,-0.05936,-0.01808,
1693382569309278208,-0.70986,1.76826,1.11791,0.10996,0.08570,-0.03740,0.98953,-0.36319,-0.09351,-0.04377,
1693382569409479680,-0.74633,1.75518,1.11676,0.09431,0.08254,-0.04582,0.99106,-0.41712,-0.14363,-0.04422,
1693382569509485568,-0.78960,1.73978,1.10884,0.08157,0.08285,-0.04274,0.99230,-0.44892,-0.17733,-0.04960,
1693382569609074944,-0.83524,1.72557,1.10113,0.05921,0.08492,-0.04182,0.99375,-0.49033,-0.19733,-0.05184,
1693382569708653824,-0.89306,1.69490,1.09988,0.04130,0.08078,-0.04622,0.99480,-0.47824,-0.24583,-0.03297,
1693382569808219904,-0.93215,1.67415,1.09632,0.01844,0.07757,-0.05060,0.99553,-0.38018,-0.20955,0.00748,
1693382569874591232,-0.96290,1.65358,1.09664,0.00531,0.07554,-0.04486,0.99612,-0.33686,-0.19663,0.02045,
1693382569974139136,-0.99940,1.62745,1.09711,-0.00955,0.07158,-0.03625,0.99673,-0.27799,-0.18644,0.00387,
1693382570073674752,-1.02701,1.60387,1.09627,-0.02313,0.06528,-0.04540,0.99657,-0.25695,-0.19015,-0.01517,
1693382570173199360,-1.05451,1.58816,1.09631,-0.03337,0.05937,-0.04740,0.99655,-0.28568,-0.17205,-0.02822,
1693382570272711424,-1.08981,1.56972,1.09012,-0.04996,0.05023,-0.04322,0.99655,-0.31407,-0.18583,-0.05130,
1693382570372213248,-1.11591,1.55463,1.08173,-0.06469,0.04910,-0.04589,0.99564,-0.32366,-0.20838,-0.06877,
1693382570471704832,-1.15090,1.53710,1.07609,-0.08717,0.04676,-0.04699,0.99399,-0.35379,-0.19096,-0.05137,
1693382570571300352,-1.19126,1.51604,1.06835,-0.12461,0.04535,-0.03628,0.99050,-0.37185,-0.19336,-0.02171,
1693382570637690624,-1.20494,1.51155,1.06750,-0.14994,0.05000,-0.03411,0.98684,-0.35165,-0.20340,0.00649,
1693382570737265408,-1.24660,1.47963,1.06830,-0.18776,0.05678,-0.03845,0.97982,-0.32504,-0.22460,0.03542,
1693382570836829952,-1.27070,1.46307,1.07551,-0.22817,0.06791,-0.03221,0.97072,-0.24350,-0.16590,0.04793,
1693382570936381696,-1.29444,1.43720,1.08344,-0.26024,0.06435,-0.02349,0.96311,-0.18701,-0.18817,0.05653,
1693382571035922688,-1.30828,1.41405,1.08746,-0.28339,0.05821,-0.02401,0.95693,-0.14410,-0.23711,0.03946,
1693382571135451392,-1.32306,1.38855,1.08940,-0.30501,0.06081,-0.02293,0.95013,-0.13841,-0.27638,0.00071,
1693382571234969088,-1.33842,1.35861,1.08711,-0.32438,0.05972,-0.01893,0.94385,-0.13266,-0.32553,-0.03662,
1693382571334474496,-1.35052,1.32542,1.08335,-0.34025,0.06148,-0.02177,0.93807,-0.13563,-0.39522,-0.03637,
1693382571400805376,-1.36253,1.29413,1.07945,-0.34809,0.06510,-0.02241,0.93493,-0.14031,-0.44305,-0.03915,
1693382571500334080,-1.37775,1.24638,1.07611,-0.35787,0.07011,-0.02012,0.93092,-0.14693,-0.50912,-0.03117,
1693382571599926016,-1.39408,1.19395,1.07349,-0.36650,0.07214,-0.01641,0.92747,-0.15631,-0.55691,-0.01482,
1693382571699506944,-1.40917,1.13753,1.07296,-0.37646,0.06803,-0.01229,0.92385,-0.15320,-0.57617,0.00653,
1693382571799075840,-1.42410,1.07987,1.07189,-0.37879,0.06663,-0.00618,0.92306,-0.13039,-0.51958,0.00923,
1693382571898633728,-1.43650,1.03583,1.07240,-0.38372,0.06526,-0.00356,0.92113,-0.13573,-0.46475,0.00544,
1693382571998179072,-1.45187,0.98723,1.07235,-0.38810,0.05873,-0.00841,0.91970,-0.13746,-0.43826,-0.00405,
1693382572097714176,-1.46599,0.94622,1.07133,-0.39280,0.06222,-0.01548,0.91739,-0.14451,-0.44341,-0.02665,
1693382572164064000,-1.47675,0.91432,1.06970,-0.39909,0.06098,-0.02083,0.91464,-0.15547,-0.46816,-0.03815,
1693382572263578368,-1.49340,0.86752,1.06594,-0.41556,0.05553,-0.02173,0.90761,-0.17389,-0.49403,-0.04211,
1693382572363082240,-1.51104,0.81718,1.06114,-0.43860,0.05056,-0.01953,0.89705,-0.17441,-0.50009,-0.03285,
1693382572462575872,-1.52749,0.76716,1.05870,-0.46487,0.05044,-0.01514,0.88381,-0.17613,-0.53090,0.00010,
1693382572562170624,-1.54409,0.71166,1.06041,-0.49095,0.04866,-0.01077,0.86976,-0.16245,-0.55143,0.04129,
1693382572661752832,-1.55901,0.65725,1.06500,0.52101,-0.05065,0.00461,-0.85204,-0.13396,-0.52653,0.06842,
1693382572761324288,-1.56912,0.60586,1.07209,0.54773,-0.06190,-0.00273,-0.83436,-0.07706,-0.46861,0.08387,
1693382572827698432,-1.57228,0.57436,1.07764,0.55941,-0.06416,-0.00645,-0.82638,-0.03462,-0.45594,0.08612,
1693382572927249408,-1.57274,0.52793,1.08625,0.57508,-0.06254,-0.01308,-0.81560,0.02437,-0.41574,0.07737,
1693382573026789888,-1.56858,0.48663,1.09163,0.59674,-0.06360,-0.02180,-0.79961,0.06433,-0.41103,0.02530,
1693382573126317568,-1.56073,0.44483,1.09242,0.61464,-0.05820,-0.02007,-0.78640,0.09494,-0.40207,-0.00938,
1693382573225834240,-1.55140,0.40437,1.09167,0.62980,-0.05454,-0.02138,-0.77454,0.08630,-0.41209,-0.01932,
1693382573325338368,-1.54241,0.36072,1.08920,0.64028,-0.04996,-0.02361,-0.76615,0.07910,-0.46925,-0.03793,
1693382573424831744,-1.53362,0.31121,1.08442,0.64023,-0.04194,-0.02240,-0.76671,0.07712,-0.51481,-0.04824,
1693382573524392704,-1.52626,0.26038,1.07951,0.64559,-0.04072,-0.02163,-0.76229,0.09271,-0.53831,-0.03934,
1693382573590785280,-1.51952,0.22199,1.07767,0.65258,-0.03977,-0.01459,-0.75654,0.10413,-0.54991,-0.02454,
1693382573690364672,-1.50876,0.16763,1.07673,0.66109,-0.03716,-0.01746,-0.74919,0.09653,-0.53467,0.00892,
1693382573789930752,-1.50007,0.11679,1.07821,0.66862,-0.03187,-0.02681,-0.74244,0.08479,-0.50713,0.02569,
1693382573889486848,-1.49088,0.06500,1.07954,0.67077,-0.02839,-0.02851,-0.74057,0.06048,-0.47864,0.01366,
1693382573989029888,-1.48572,0.01782,1.07931,0.67600,-0.02323,-0.02372,-0.73615,0.03885,-0.48874,-0.02106,
1693382574088562176,-1.48171,-0.03164,1.07619,0.68432,-0.01773,-0.01660,-0.72878,0.02802,-0.50038,-0.04794,
1693382574188081664,-1.47957,-0.07855,1.07264,0.70205,-0.01980,-0.01304,-0.71174,0.01477,-0.51405,-0.04717,
1693382574287590144,-1.47955,-0.13056,1.06963,0.72441,-0.02381,-0.01369,-0.68882,-0.00930,-0.52197,-0.02617,
1693382574353922816,-1.48141,-0.16555,1.06883,0.73570,-0.02540,-0.01660,-0.67663,-0.01653,-0.53707,-0.00379,
1693382574453412608,-1.48363,-0.21919,1.07090,0.75556,-0.02828,-0.01325,-0.65434,-0.00810,-0.52559,0.04451,
1693382574554263808,-1.48526,-0.26956,1.07744,0.77916,-0.03622,-0.01030,-0.62570,-0.00906,-0.46090,0.07211,
1693382574655673600,-1.48940,-0.31259,1.08382,0.80495,-0.03202,-0.01319,-0.59233,-0.02238,-0.41387,0.05929,
1693382574757119232,-1.49527,-0.35111,1.08787,0.82142,-0.01372,-0.01800,-0.56988,-0.02367,-0.36879,0.03842,
1693382574858598912,-1.49894,-0.38599,1.08938,0.83122,-0.01595,-0.01869,-0.55540,-0.00468,-0.36206,-0.00058,
1693382574926271744,-1.50002,-0.40957,1.08911,0.83823,-0.01907,-0.01174,-0.54486,0.00078,-0.38383,-0.02149,
1693382575027810816,-1.50088,-0.44783,1.08705,0.84649,-0.01391,-0.00943,-0.53214,-0.00671,-0.43166,-0.02747,
1693382575129383936,-1.49993,-0.48971,1.08216,0.85357,-0.00951,-0.01185,-0.52076,0.02536,-0.47947,-0.03752,
1693382575230993152,-1.49458,-0.54143,1.07715,0.85761,-0.01609,-0.00921,-0.51396,0.07005,-0.54824,-0.04507,
1693382575332636416,-1.48401,-0.59837,1.07124,0.86216,-0.02204,-0.01602,-0.50591,0.10008,-0.58577,-0.04134,
1693382575400418560,-1.47826,-0.63750,1.06749,0.86574,-0.02641,-0.01997,-0.49940,0.11258,-0.58082,-0.02831,
1693382575502112256,-1.46175,-0.69323,1.06603,0.86957,-0.04752,-0.01900,-0.49115,0.16971,-0.57451,-0.01687,
1693382575602345216,-1.44164,-0.74587,1.07130,0.86899,-0.05945,-0.01530,-0.49101,0.14216,-0.53422,0.00428,
1693382575702592768,-1.43066,-0.78534,1.07279,0.87034,-0.04221,-0.01449,-0.49043,0.12254,-0.45907,0.00429,
1693382575802852608,-1.41719,-0.82717,1.06989,0.87215,-0.03418,-0.01015,-0.48794,0.12662,-0.40082,-0.01574,
1693382575903126528,-1.40010,-0.87516,1.06621,0.87206,-0.03381,-0.00122,-0.48823,0.12822,-0.39786,-0.03147,
1693382575969982720,-1.39362,-0.90160,1.06255,0.87282,-0.02885,0.00205,-0.48718,0.11831,-0.40954,-0.04004,
1693382576070277632,-1.38162,-0.94715,1.05639,0.87747,-0.01825,0.00561,-0.47925,0.14568,-0.44335,-0.04583,
1693382576170586880,-1.36592,-0.99461,1.04954,0.88289,-0.02156,0.00830,-0.46902,0.16350,-0.46541,-0.03303,
1693382576270908416,-1.34817,-1.04431,1.04312,0.88907,-0.02945,0.00707,-0.45676,0.16227,-0.49217,-0.01984,
1693382576371244288,-1.33021,-1.09536,1.04226,0.89687,-0.03100,-0.00035,-0.44120,0.15281,-0.49978,0.01087,
1693382576471591936,-1.31262,-1.14624,1.04517,0.90687,-0.03745,-0.00128,-0.41975,0.16031,-0.48628,0.06418,
1693382576571731712,-1.29186,-1.19063,1.05369,0.91180,-0.05220,-0.01058,-0.40716,0.15941,-0.43841,0.08830,
1693382576638969344,-1.27942,-1.21333,1.06050,0.91472,-0.05851,-0.01397,-0.39958,0.14860,-0.38265,0.08502,
1693382576739836416,-1.26871,-1.23334,1.07143,0.91756,-0.05566,-0.01663,-0.39332,0.16413,-0.31904,0.07611,
1693382576840717824,-1.25091,-1.26609,1.07941,0.92664,-0.04779,-0.02258,-0.37221,0.20225,-0.30674,0.04942,
1693382576941611008,-1.22843,-1.28809,1.08009,0.93227,-0.04042,-0.02407,-0.35868,0.23349,-0.26548,0.01288,
1693382577042518272,-1.20420,-1.30505,1.07713,0.93380,-0.04350,-0.02375,-0.35436,0.26342,-0.26834,-0.01688,
1693382577143438080,-1.17406,-1.32946,1.07227,0.93466,-0.04770,-0.02639,-0.35134,0.32201,-0.30568,-0.04245,
1693382577210725376,-1.15125,-1.34936,1.07000,0.93461,-0.05083,-0.02932,-0.35079,0.36007,-0.33337,-0.05006,
1693382577311667712,-1.10960,-1.38147,1.06547,0.93322,-0.05237,-0.02830,-0.35435,0.42113,-0.35061,-0.03324,
1693382577412622336,-1.06598,-1.41619,1.06006,0.92944,-0.05879,-0.03243,-0.36280,0.46378,-0.34613,-0.01071,
1693382577513591040,-1.02056,-1.45106,1.06123,0.92743,-0.06847,-0.03409,-0.36609,0.46262,-0.32626,0.01698,
1693382577614314240,-0.98282,-1.47490,1.06345,0.92416,-0.06656,-0.04074,-0.37396,0.39214,-0.25844,0.02819,
1693382577714550272,-0.95038,-1.49969,1.07157,0.92567,-0.06196,-0.04029,-0.37105,0.33363,-0.21070,0.04733,
1693382577781381376,-0.93355,-1.51521,1.07855,0.92815,-0.05784,-0.03821,-0.36568,0.32050,-0.20347,0.05458,
1693382577881638400,-0.89820,-1.53973,1.08195,0.93359,-0.05324,-0.04106,-0.35198,0.34098,-0.21756,0.02630,
1693382577981909248,-0.85707,-1.56596,1.08299,0.93887,-0.04641,-0.03845,-0.33895,0.36708,-0.22667,-0.00327,
1693382578082192128,-0.82082,-1.58660,1.07845,0.94503,-0.04383,-0.03799,-0.32181,0.40755,-0.24315,-0.02552,
1693382578182489344,-0.77786,-1.61108,1.07635,0.95222,-0.03920,-0.03815,-0.30048,0.42476,-0.26254,-0.00469,
1693382578282798848,-0.72473,-1.64270,1.07476,0.96039,-0.03420,-0.04580,-0.27272,0.43338,-0.25357,0.02155,
1693382578383122176,-0.69110,-1.65605,1.07985,0.96590,-0.03674,-0.05087,-0.25121,0.42686,-0.21403,0.05510,
1693382578450011648,-0.65805,-1.67055,1.08470,0.97077,-0.03161,-0.04608,-0.23341,0.40716,-0.20119,0.07310,
1693382578550356224,-0.62683,-1.68475,1.09081,0.97934,-0.02527,-0.05572,-0.19274,0.34518,-0.15414,0.07662,
1693382578650275072,-0.59367,-1.69058,1.09547,0.98237,-0.02873,-0.06177,-0.17412,0.35838,-0.08699,0.05539,
1693382578749968896,-0.54458,-1.69210,1.09617,0.98425,-0.03253,-0.06713,-0.16026,0.36484,-0.03942,0.01264,
1693382578849655296,-0.51327,-1.68331,1.09822,0.98584,-0.02755,-0.07372,-0.14807,0.38108,0.03641,-0.01801,
1693382578949331968,-0.47693,-1.67318,1.09829,0.98811,-0.03206,-0.07270,-0.13162,0.42572,0.10052,-0.05644,
1693382579049000704,-0.42878,-1.66324,1.09304,0.98977,-0.03240,-0.07356,-0.11785,0.46485,0.12423,-0.10818,
1693382579115441152,-0.40364,-1.65149,1.08594,0.99073,-0.03065,-0.07260,-0.11069,0.47167,0.15988,-0.12306,
1693382579215094272,-0.35227,-1.63674,1.07799,0.99224,-0.03129,-0.06555,-0.10091,0.45027,0.18634,-0.08589,
1693382579314739456,-0.32703,-1.61739,1.06963,0.99393,-0.03483,-0.05764,-0.08697,0.41102,0.22371,-0.02777,
1693382579414374912,-0.27539,-1.59325,1.06192,0.99353,-0.03443,-0.06962,-0.08288,0.38339,0.21747,-0.02616,
1693382579514002432,-0.23321,-1.56957,1.06268,0.99499,-0.02961,-0.06668,-0.06842,0.33049,0.18798,-0.04130,
1693382579613652736,-0.22877,-1.55755,1.06146,0.99578,-0.03744,-0.05053,-0.06677,0.27303,0.18615,-0.06126,
1693382579713351680,-0.19190,-1.53881,1.05420,0.99608,-0.05731,-0.04332,-0.05166,0.26132,0.17534,-0.06727,
1693382579779812864,-0.17614,-1.53139,1.04787,0.99609,-0.06718,-0.04054,-0.04068,0.26536,0.17286,-0.06487,
1693382579879496448,-0.14720,-1.51961,1.04122,0.99640,-0.07319,-0.03938,-0.01652,0.32138,0.18281,-0.05688,
1693382579979172352,-0.10951,-1.50193,1.03638,0.99668,-0.06861,-0.04033,0.01703,0.38221,0.19740,-0.04004,
1693382580078838016,-0.07892,-1.49138,1.03244,0.99536,-0.06262,-0.04471,0.05777,0.41302,0.17285,-0.01708,
1693382580178496256,-0.02748,-1.46641,1.03092,0.99220,-0.06403,-0.03843,0.09980,0.43039,0.17528,0.05491,
1693382580278144768,0.01267,-1.44763,1.03765,0.98823,-0.06225,-0.05325,0.12916,0.34831,0.12954,0.12738,
1693382580377785344,0.06424,-1.41304,1.04639,0.98545,-0.04847,-0.06210,0.15058,0.33271,0.13977,0.13041,
1693382580477416192,0.07834,-1.38741,1.04681,0.98438,-0.03650,-0.06360,0.16004,0.20799,0.12870,0.10429,
1693382580543832064,0.09990,-1.37132,1.04973,0.98167,-0.03828,-0.07164,0.17241,0.18273,0.13379,0.08791,
1693382580643512576,0.12671,-1.34141,1.05695,0.98040,-0.04571,-0.08067,0.17385,0.16349,0.15005,0.06599,
1693382580743211520,0.14893,-1.32630,1.06777,0.98053,-0.03551,-0.08357,0.17411,0.20055,0.14247,0.01831,
1693382580842902528,0.17886,-1.30766,1.07372,0.98203,-0.03011,-0.07428,0.17084,0.21992,0.17485,-0.03000,
1693382580942583808,0.19996,-1.28639,1.06650,0.98225,-0.04712,-0.07856,0.16371,0.21634,0.22264,-0.04980,
1693382581042257664,0.23101,-1.26415,1.06374,0.98292,-0.06117,-0.08175,0.15309,0.27419,0.26835,-0.03498,
1693382581141921280,0.26450,-1.23922,1.06304,0.98495,-0.05521,-0.07838,0.14383,0.33220,0.33319,-0.02347,
1693382581208359424,0.28989,-1.21761,1.06036,0.98561,-0.05266,-0.07643,0.14127,0.34308,0.37435,-0.03508,
1693382581308009984,0.32907,-1.18064,1.05773,0.98494,-0.06045,-0.07521,0.14345,0.33339,0.36874,-0.05503,
1693382581407650816,0.35361,-1.15663,1.04972,0.98395,-0.06236,-0.06630,0.15348,0.29694,0.31164,-0.04492,
1693382581507283456,0.37784,-1.11909,1.04110,0.98686,-0.04855,-0.06033,0.14184,0.25693,0.29924,-0.03447,
1693382581606938112,0.39780,-1.10198,1.04250,0.98730,-0.04564,-0.05568,0.14162,0.20087,0.21637,0.00622,
1693382581706642176,0.41979,-1.07636,1.04308,0.98644,-0.06205,-0.04728,0.14437,0.20582,0.25014,0.03370,
1693382581806336000,0.44500,-1.05129,1.04249,0.98672,-0.07084,-0.04797,0.13809,0.23363,0.23466,0.03698,
1693382581906022400,0.47805,-1.02431,1.04358,0.98584,-0.05991,-0.05283,0.14742,0.25490,0.24569,-0.00046,
1693382581972474624,0.49659,-1.01150,1.04483,0.98415,-0.05638,-0.05248,0.15974,0.26111,0.25223,-0.01358,
1693382582072145408,0.54071,-0.96865,1.04329,0.97651,-0.06316,-0.05514,0.19851,0.26492,0.26394,0.00792,
1693382582171808512,0.54852,-0.96846,1.04666,0.96729,-0.05797,-0.05633,0.24046,0.24421,0.23708,0.05538,
1693382582271461888,0.58032,-0.93129,1.05117,0.95537,-0.04756,-0.05786,0.28577,0.18979,0.22419,0.10214,
1693382582371107328,0.59301,-0.90998,1.05918,0.94197,-0.04217,-0.07355,0.32483,0.10959,0.20147,0.09676,
1693382582470743296,0.60004,-0.88426,1.06506,0.93034,-0.03318,-0.09028,0.35386,0.04802,0.20110,0.05594,
1693382582570373632,0.60445,-0.85523,1.07150,0.92047,-0.02375,-0.09073,0.37940,0.01021,0.22296,0.04046,
1693382582636844288,0.60091,-0.84081,1.07661,0.91473,-0.02328,-0.08997,0.39324,-0.02285,0.24811,0.02723,
1693382582736543488,0.60385,-0.79937,1.07823,0.90900,-0.02657,-0.09498,0.40496,-0.03601,0.30803,-0.00858,
1693382582836234240,0.60216,-0.76242,1.07594,0.90291,-0.02055,-0.09726,0.41817,-0.04612,0.36497,-0.05763,
1693382582935915520,0.59639,-0.72111,1.06824,0.90110,-0.01922,-0.09413,0.42283,-0.09730,0.42230,-0.08811,
1693382583035589120,0.58710,-0.67947,1.06034,0.89878,-0.03508,-0.08879,0.42787,-0.13592,0.38987,-0.06493,
1693382583135252992,0.57579,-0.64858,1.05543,0.89791,-0.04150,-0.08566,0.42977,-0.14216,0.37951,-0.01920,
1693382583234908672,0.56692,-0.61008,1.05398,0.89592,-0.03417,-0.08721,0.43423,-0.11836,0.36511,0.01518,
1693382583334554880,0.55992,-0.57580,1.05578,0.88928,-0.01923,-0.09201,0.44761,-0.07564,0.31143,0.02505,
1693382583400981248,0.55882,-0.55575,1.05796,0.88303,-0.01475,-0.08737,0.46088,-0.03977,0.28325,0.02201,
1693382583500613376,0.55467,-0.52060,1.05810,0.87842,-0.01653,-0.08166,0.47057,-0.00444,0.33095,0.00803,
1693382583600478208,0.55692,-0.48410,1.05717,0.87307,-0.02343,-0.08693,0.47922,0.04915,0.36307,-0.00255,
1693382583700830208,0.56327,-0.44269,1.05588,0.87064,-0.01817,-0.08494,0.48419,0.10193,0.40590,-0.02392,
1693382583801197824,0.57616,-0.40070,1.05193,0.86297,-0.01175,-0.08411,0.49807,0.12605,0.44317,-0.05331,
1693382583901582336,0.58975,-0.35692,1.04384,0.85460,-0.00339,-0.08984,0.51145,0.11306,0.42500,-0.05957,
1693382584001981952,0.59936,-0.31442,1.04231,0.83301,-0.00320,-0.09495,0.54505,0.05316,0.41354,-0.00584,
1693382584068924416,0.59879,-0.28864,1.04328,0.82347,-0.00926,-0.09421,0.55940,-0.02776,0.33896,0.01901,
1693382584169351936,0.59057,-0.26001,1.04714,0.80647,-0.01360,-0.10098,0.58242,-0.11913,0.23184,0.04146,
1693382584269794560,0.57558,-0.23934,1.05179,0.78643,-0.00850,-0.10012,0.60946,-0.18659,0.17332,0.03750,
1693382584370254336,0.55300,-0.22081,1.05452,0.76294,-0.00238,-0.09470,0.63949,-0.27192,0.13204,0.01535,
1693382584470729472,0.52149,-0.20509,1.05491,0.73873,-0.00521,-0.09320,0.66751,-0.34401,0.12580,-0.00202,
1693382584571218944,0.48380,-0.18898,1.05288,0.71717,0.00088,-0.09236,0.69075,-0.39291,0.13233,-0.01980,
1693382584638216960,0.45415,-0.17417,1.04979,0.70448,0.00731,-0.08788,0.70422,-0.43016,0.14513,-0.03693,
1693382584739196160,0.40700,-0.15603,1.04436,0.69073,0.01412,-0.07566,0.71901,-0.46073,0.15414,-0.04251,
1693382584840192000,0.35822,-0.13742,1.04160,0.67791,0.01858,-0.05645,0.73274,-0.47412,0.12591,-0.00296,
1693382584941203712,0.30716,-0.12815,1.03905,0.66421,0.01330,-0.04939,0.74580,-0.47928,0.09950,0.01106,
1693382585042232064,0.25998,-0.11441,1.03469,0.66576,0.02209,-0.03772,0.74489,-0.42777,0.09163,-0.01813,
1693382585143275776,0.21998,-0.10404,1.03230,0.64863,0.01707,-0.03269,0.76021,-0.40719,0.08445,-0.03763,
1693382585210647040,0.19416,-0.09752,1.03170,0.64088,0.00886,-0.03532,0.76678,-0.39382,0.09763,-0.04281,
1693382585311718656,0.15558,-0.08578,1.02733,0.62918,0.00114,-0.03888,0.77629,-0.36915,0.12130,-0.04547,
1693382585412805376,0.12020,-0.07206,1.02313,0.61773,-0.00205,-0.03681,0.78553,-0.38761,0.15634,-0.05576,
1693382585513908992,0.08241,-0.05473,1.01597,0.60364,-0.00959,-0.04036,0.79618,-0.43068,0.19063,-0.06062,
1693382585615022592,0.04463,-0.03246,1.01272,0.58555,-0.01616,-0.04395,0.80928,-0.46157,0.23774,-0.03264,
1693382585715381248,-0.00087,-0.00849,1.01437,0.56486,-0.01627,-0.03587,0.82425,-0.48559,0.26466,0.02845,
1693382585782626560,-0.03403,0.00780,1.01995,0.55258,-0.01738,-0.02524,0.83290,-0.48860,0.24945,0.08047,
1693382585883505152,-0.08347,0.03041,1.02757,0.53157,-0.00714,-0.02711,0.84655,-0.46533,0.20020,0.10382,
1693382585984398080,-0.13686,0.05048,1.02729,0.50800,-0.00047,-0.03494,0.86065,-0.42612,0.14247,0.06914,
1693382586085303296,-0.18226,0.06310,1.03002,0.48617,0.00579,-0.03517,0.87314,-0.42032,0.12146,0.04072,
1693382586186222592,-0.22746,0.07281,1.03354,0.46969,0.01103,-0.03426,0.88210,-0.45125,0.10913,0.02508,
1693382586287154176,-0.28222,0.07845,1.03679,0.45393,0.01446,-0.03994,0.89002,-0.49858,0.10078,0.02089,
1693382586354449664,-0.31777,0.08408,1.03657,0.44694,0.02137,-0.04207,0.89332,-0.53583,0.11626,0.00870,
1693382586455404288,-0.37196,0.09769,1.03921,0.43265,0.02848,-0.04307,0.90008,-0.60578,0.13824,-0.00547,
1693382586556371456,-0.43125,0.11514,1.04321,0.41591,0.03145,-0.04552,0.90772,-0.64572,0.15629,-0.00171,
1693382586657352192,-0.49336,0.12661,1.05136,0.40206,0.02350,-0.04381,0.91426,-0.65252,0.14560,0.05037,
1693382586757400064,-0.56897,0.13405,1.05916,0.40134,0.02425,-0.03790,0.91482,-0.66806,0.12245,0.09007,
1693382586856975104,-0.63236,0.13471,1.06200,0.40302,0.03833,-0.03106,0.91386,-0.68115,0.10659,0.07656,
1693382586923351552,-0.67462,0.14391,1.05878,0.39893,0.04547,-0.02912,0.91539,-0.61300,0.10393,0.05188,
1693382587022905856,-0.71753,0.15809,1.06820,0.38097,0.04516,-0.02695,0.92309,-0.50660,0.12639,0.03483,
1693382587122448896,-0.76612,0.16884,1.07765,0.37316,0.04107,-0.03108,0.92634,-0.46664,0.14275,0.00240,
1693382587221979648,-0.81421,0.18104,1.07828,0.36001,0.03351,-0.03148,0.93181,-0.43494,0.17749,-0.02567,
1693382587321499392,-0.86826,0.19790,1.07415,0.35325,0.02631,-0.02795,0.93474,-0.45629,0.22494,-0.03511,
1693382587421006080,-0.92943,0.22020,1.06793,0.35826,0.02649,-0.02976,0.93277,-0.47047,0.27593,-0.03348,
1693382587520502016,-0.98121,0.24782,1.05691,0.36302,0.02510,-0.03448,0.93080,-0.50734,0.33526,-0.02682,
1693382587619985408,-1.02620,0.28660,1.05376,0.37006,0.02685,-0.03522,0.92795,-0.48862,0.37837,0.01221,
1693382587686304256,-1.05482,0.31577,1.05184,0.36953,0.02835,-0.03512,0.92812,-0.45694,0.39166,0.02844,
1693382587785895424,-1.08650,0.35267,1.05007,0.37603,0.04142,-0.04012,0.92481,-0.38321,0.36665,0.02323,
1693382587885473280,-1.12920,0.38465,1.06172,0.38414,0.04511,-0.04464,0.92109,-0.34935,0.34747,0.05587,
1693382587985040384,-1.14528,0.41633,1.07178,0.40414,0.05014,-0.04402,0.91226,-0.32741,0.33581,0.05710,
1693382588084594944,-1.16514,0.45076,1.08335,0.42337,0.05886,-0.04568,0.90289,-0.33243,0.35000,0.03581,
1693382588184139008,-1.22364,0.50110,1.08881,0.44631,0.05872,-0.05122,0.89148,-0.36842,0.36710,0.02253,
1693382588283670272,-1.24817,0.53581,1.08983,0.47214,0.05968,-0.05910,0.87751,-0.36485,0.37534,-0.00315,
1693382588383190528,-1.26688,0.56990,1.09026,0.49367,0.05995,-0.06134,0.86541,-0.38086,0.39202,-0.03219,
1693382588449530880,-1.29420,0.59960,1.08982,0.51218,0.05538,-0.06281,0.85479,-0.40294,0.39275,-0.04652,
1693382588549030656,-1.32931,0.63393,1.08533,0.54589,0.04580,-0.06931,0.83373,-0.45352,0.38131,-0.03836,
1693382588648519936,-1.37246,0.67493,1.08239,0.57653,0.03712,-0.07867,0.81243,-0.45484,0.38129,-0.00068,
1693382588748077056,-1.40754,0.71269,1.08154,0.59855,0.03638,-0.06760,0.79740,-0.40171,0.37944,0.00352,
1693382588847659520,-1.44054,0.75217,1.07774,0.62068,0.03740,-0.04983,0.78159,-0.35651,0.37606,-0.01390,
1693382588947229184,-1.46355,0.78671,1.07503,0.63770,0.02962,-0.04918,0.76814,-0.28317,0.36705,-0.02095,
1693382589046788096,-1.49222,0.82847,1.07098,0.65216,0.01586,-0.05353,0.75603,-0.21469,0.36520,-0.02518,
1693382589113154048,-1.50890,0.85315,1.06772,0.66291,0.01056,-0.05731,0.74643,-0.17644,0.34801,-0.03660,
1693382589212692480,-1.52676,0.89033,1.06596,0.67775,0.00098,-0.05825,0.73298,-0.11509,0.33928,-0.03698,
1693382589312219904,-1.53860,0.92745,1.06211,0.68842,-0.00856,-0.06104,0.72269,-0.06234,0.34469,-0.02128,
1693382589411735040,-1.54103,0.96277,1.06150,0.69860,-0.01235,-0.06194,0.71272,-0.01838,0.37390,0.00041,
1693382589511239168,-1.54384,1.00500,1.06108,0.70768,-0.01256,-0.06284,0.70362,0.00725,0.39583,0.01094,
1693382589610730752,-1.54689,1.05209,1.06306,0.71587,-0.01437,-0.06382,0.69516,0.02558,0.42995,0.01516,
1693382589710254592,-1.54971,1.10314,1.05887,0.72414,-0.00955,-0.06629,0.68639,0.05286,0.41720,-0.00385,
1693382589809843968,-1.54164,1.13657,1.05909,0.72823,-0.00133,-0.07343,0.68138,0.05926,0.39884,-0.01534,
1693382589876230656,-1.53767,1.16379,1.06190,0.73161,-0.00154,-0.07370,0.67773,0.06835,0.39684,0.00459,
1693382589975801600,-1.53333,1.20235,1.06240,0.73916,-0.00074,-0.07231,0.66963,0.06812,0.37447,0.02755,
1693382590075360000,-1.52538,1.23759,1.06514,0.74674,0.00422,-0.07926,0.66036,0.08164,0.34601,0.04027,
1693382590174907904,-1.51800,1.26560,1.07106,0.75855,0.00288,-0.08065,0.64660,0.09423,0.30896,0.04282,
1693382590274443264,-1.50668,1.29948,1.07495,0.77273,0.00168,-0.07680,0.63007,0.13346,0.25421,0.03915,
1693382590373967616,-1.49151,1.32118,1.07733,0.78983,0.00229,-0.07760,0.60840,0.16130,0.23418,0.01809,
1693382590473479168,-1.47202,1.34308,1.07811,0.81122,-0.00344,-0.08027,0.57919,0.18764,0.22006,0.00601,
1693382590572980480,-1.44954,1.36155,1.07893,0.83346,-0.00707,-0.08142,0.54650,0.20352,0.20449,0.01391,
1693382590639307520,-1.43243,1.37269,1.07832,0.84752,-0.00700,-0.08089,0.52451,0.20480,0.19750,0.01526,
1693382590739292928,-1.40785,1.39392,1.07858,0.86608,-0.00867,-0.08332,0.49284,0.18768,0.19729,0.00823,
1693382590839536896,-1.38724,1.41176,1.07757,0.88247,-0.01401,-0.08787,0.46188,0.17221,0.20841,-0.01565,
1693382590939793152,-1.36599,1.43263,1.07593,0.89744,-0.01930,-0.08462,0.43252,0.18445,0.22184,-0.03585,
1693382591040063488,-1.34459,1.45690,1.07318,0.91051,-0.02701,-0.07503,0.40572,0.19929,0.22680,-0.03945,
1693382591140346368,-1.32618,1.47629,1.06782,0.92715,-0.02932,-0.06536,0.36778,0.18961,0.17787,-0.05185,
1693382591240643328,-1.30656,1.49145,1.06210,0.93941,-0.03881,-0.06015,0.33525,0.16362,0.11477,-0.05626,
1693382591307514880,-1.29298,1.49842,1.05936,0.94718,-0.04554,-0.05942,0.31186,0.16712,0.09198,-0.04684,
1693382591407832832,-1.27369,1.50417,1.05539,0.95513,-0.05115,-0.05847,0.28582,0.16496,0.04752,-0.03095,
1693382591508165120,-1.25334,1.50877,1.05314,0.95964,-0.05636,-0.05501,0.26998,0.17209,0.02403,-0.02247,
1693382591608509696,-1.23333,1.51161,1.05194,0.96339,-0.06409,-0.05270,0.25494,0.18840,0.00451,-0.00010,
1693382591708648192,-1.21146,1.51639,1.05163,0.96618,-0.06396,-0.04968,0.24481,0.22548,-0.00521,0.01962,
1693382591808349952,-1.18499,1.51981,1.05109,0.96881,-0.05762,-0.04795,0.23618,0.25597,-0.01705,0.02927,
1693382591874813440,-1.16564,1.52122,1.05262,0.97013,-0.05626,-0.04954,0.23072,0.28960,-0.01245,0.03916,
1693382591974500864,-1.13540,1.52266,1.05452,0.97225,-0.05610,-0.05466,0.22044,0.31723,-0.02150,0.02943,
1693382592074179072,-1.10255,1.52047,1.05782,0.97394,-0.05084,-0.05649,0.21370,0.33782,-0.03796,0.01923,
1693382592173849600,-1.06956,1.51517,1.05911,0.97505,-0.04958,-0.06007,0.20788,0.34105,-0.03862,0.01847,
1693382592273510144,-1.03421,1.51064,1.06151,0.97559,-0.05445,-0.06523,0.20252,0.34271,-0.05882,0.04036,
1693382592373163008,-0.99913,1.50597,1.06475,0.97651,-0.04979,-0.06805,0.19830,0.33282,-0.08928,0.05692,
1693382592472806144,-0.96738,1.49871,1.07038,0.97791,-0.04489,-0.07344,0.19048,0.29714,-0.10004,0.05763,
1693382592572441344,-0.93207,1.48950,1.07496,0.97986,-0.04782,-0.08272,0.17536,0.29438,-0.07849,0.03870,
1693382592638859520,-0.91338,1.48465,1.07895,0.98118,-0.05093,-0.08413,0.16617,0.30344,-0.07598,0.03567,
1693382592738960896,-0.87882,1.47884,1.08273,0.98489,-0.04560,-0.07933,0.14702,0.30256,-0.07156,0.02997,
1693382592839313152,-0.84760,1.47427,1.08336,0.98827,-0.04440,-0.07856,0.12325,0.28657,-0.03919,-0.00455,
1693382592939680512,-0.81818,1.46795,1.08295,0.99070,-0.05460,-0.07574,0.09898,0.28164,-0.02667,-0.02361,
1693382593040065024,-0.78259,1.46518,1.08045,0.99250,-0.05822,-0.07258,0.07925,0.29748,-0.00586,-0.02678,
1693382593140464384,-0.74933,1.46433,1.07941,0.99406,-0.05991,-0.07112,0.05648,0.31070,0.02191,-0.01743,
1693382593240880896,-0.70936,1.46762,1.07799,0.99495,-0.06459,-0.07100,0.02920,0.34528,0.05724,-0.02579,
1693382593307833600,-0.68457,1.47114,1.07655,0.99543,-0.06316,-0.06982,0.01604,0.37033,0.07021,-0.04851,
1693382593408275968,-0.64763,1.47943,1.07165,0.99606,-0.06140,-0.06362,-0.00650,0.37918,0.11583,-0.07808,
1693382593508735232,-0.61140,1.48991,1.06498,0.99532,-0.07363,-0.05519,-0.02956,0.33777,0.12663,-0.07118,
1693382593609209600,-0.57195,1.49997,1.05657,0.99456,-0.07427,-0.05247,-0.05079,0.33324,0.12566,-0.06132,
1693382593709546240,-0.53967,1.50606,1.05104,0.99453,-0.06913,-0.04787,-0.06202,0.29257,0.09626,-0.04588,
1693382593810511104,-0.51208,1.50724,1.04941,0.99419,-0.07239,-0.04343,-0.06673,0.23067,0.03717,-0.03652,
1693382593877830144,-0.48303,1.51099,1.04790,0.99421,-0.07350,-0.03686,-0.06917,0.22021,0.00689,-0.03277,
1693382593978822656,-0.46321,1.50936,1.04713,0.99443,-0.07563,-0.02448,-0.06923,0.21051,-0.04254,-0.01293,
1693382594079830272,-0.43420,1.50895,1.04546,0.99403,-0.07823,-0.01421,-0.07466,0.23250,-0.07623,-0.00100,
1693382594180854272,-0.39912,1.50205,1.04328,0.99405,-0.07322,-0.00538,-0.08047,0.28004,-0.11552,0.00917,
1693382594281893376,-0.37127,1.48356,1.03852,0.99441,-0.06728,-0.00692,-0.08114,0.31953,-0.15952,-0.00297,
1693382594382949632,-0.33422,1.46524,1.03506,0.99459,-0.07037,-0.01116,-0.07560,0.36982,-0.16801,-0.00059,
1693382594450329088,-0.30773,1.45390,1.03167,0.99436,-0.07495,-0.01529,-0.07344,0.39473,-0.15003,-0.00608,
1693382594551410944,-0.27622,1.42627,1.03433,0.99489,-0.08277,-0.03116,-0.04877,0.31910,-0.20600,0.03231,
1693382594652509440,-0.24896,1.40239,1.05079,0.99630,-0.07604,-0.03266,-0.02324,0.27968,-0.23079,0.08728,
1693382594753147904,-0.21266,1.38465,1.05910,0.99671,-0.07101,-0.03821,-0.00777,0.25156,-0.21804,0.09884,
1693382594852852224,-0.17959,1.37690,1.06801,0.99693,-0.06617,-0.03849,-0.01619,0.25199,-0.18294,0.09027,
1693382594952546304,-0.15350,1.38853,1.07303,0.99711,-0.05395,-0.04035,-0.03522,0.25158,-0.11459,0.04389,
1693382595019004672,-0.13340,1.38211,1.07472,0.99671,-0.04624,-0.04349,-0.05030,0.26398,-0.09471,0.00974,
1693382595118685184,-0.10827,1.37442,1.07631,0.99496,-0.05653,-0.04406,-0.07012,0.28425,-0.05948,-0.02296,
1693382595218356480,-0.08449,1.36449,1.07660,0.99166,-0.06685,-0.04111,-0.10219,0.28725,-0.06410,-0.02635,
1693382595318019584,-0.05194,1.34898,1.07597,0.98875,-0.07193,-0.04033,-0.12479,0.31528,-0.05740,-0.02073,
1693382595417673216,-0.03150,1.33836,1.07412,0.98430,-0.07932,-0.04209,-0.15198,0.32200,-0.04746,-0.02930,
1693382595517318912,-0.00139,1.32874,1.06901,0.97978,-0.08018,-0.04273,-0.17829,0.34773,-0.03486,-0.06532,
1693382595616955136,0.04456,1.31603,1.06354,0.97518,-0.08119,-0.03898,-0.20228,0.39180,-0.03004,-0.09655,
1693382595716585728,0.08971,1.31101,1.05229,0.96694,-0.08229,-0.03369,-0.23902,0.40657,0.00436,-0.09867,
1693382595783303168,0.10033,1.31146,1.04725,0.96232,-0.09183,-0.02988,-0.25421,0.34160,0.01631,-0.05653,
1693382595884003840,0.12720,1.30905,1.04652,0.95539,-0.09959,-0.02272,-0.27711,0.32800,-0.01165,-0.00313,
1693382595984715520,0.16465,1.29967,1.04328,0.95225,-0.08623,-0.01820,-0.29231,0.25690,-0.04959,0.01442,
1693382596085436416,0.18817,1.29517,1.04068,0.94939,-0.08153,-0.01821,-0.30277,0.21114,-0.05375,0.00315,
1693382596186168320,0.20893,1.29120,1.03823,0.94296,-0.08923,-0.01341,-0.32046,0.19608,-0.07553,-0.01379,
1693382596286909440,0.23814,1.27885,1.03630,0.93953,-0.08620,-0.00836,-0.33134,0.20666,-0.13803,-0.01491,
1693382596354075904,0.24653,1.26780,1.03507,0.93814,-0.08049,-0.00498,-0.33674,0.19060,-0.16404,-0.00045,
1693382596454834944,0.27595,1.25094,1.03228,0.93294,-0.08238,-0.00291,-0.35048,0.20606,-0.18784,0.00599,
1693382596555602944,0.30106,1.23355,1.03117,0.92702,-0.08417,-0.00199,-0.36545,0.21127,-0.23956,0.00433,
1693382596656382208,0.32246,1.20560,1.03045,0.92220,-0.07524,-0.00111,-0.37933,0.21500,-0.30491,0.00006,
1693382596757170432,0.34362,1.17202,1.03255,0.91619,-0.07171,-0.00116,-0.39427,0.23775,-0.37036,-0.00397,
1693382596857167360,0.38183,1.12626,1.02977,0.90829,-0.07407,-0.00126,-0.41172,0.26773,-0.44898,-0.01417,
1693382596923564288,0.38916,1.09927,1.03212,0.90330,-0.07468,-0.00088,-0.42246,0.26899,-0.49746,-0.00359,
1693382597023149312,0.41896,1.04024,1.03493,0.89636,-0.07220,-0.00220,-0.43741,0.23626,-0.56389,0.02698,
1693382597122723584,0.43316,0.99121,1.03799,0.88877,-0.07851,-0.00149,-0.45157,0.16170,-0.53311,0.05736,
1693382597222286080,0.45287,0.93703,1.04321,0.87485,-0.08848,-0.01280,-0.47608,0.13724,-0.51870,0.04681,
1693382597321837568,0.46995,0.88240,1.04933,0.86003,-0.08419,-0.01533,-0.50302,0.09349,-0.49945,0.02696,
1693382597421377024,0.47665,0.83784,1.05440,0.84082,-0.08233,-0.01435,-0.53483,0.06408,-0.45892,-0.00282,
1693382597520905984,0.48367,0.78853,1.05611,0.81820,-0.08944,-0.00291,-0.56793,0.06485,-0.46850,-0.02979,
1693382597620422656,0.48915,0.73781,1.05609,0.79415,-0.08609,0.00789,-0.60154,0.03888,-0.46772,-0.01994,
1693382597686760960,0.48813,0.70626,1.05803,0.77828,-0.08305,0.01217,-0.62228,0.03700,-0.46348,-0.00289,
1693382597786262784,0.48968,0.65957,1.05764,0.75096,-0.08631,0.02166,-0.65433,0.05749,-0.47149,-0.00854,
1693382597886788608,0.48900,0.61154,1.05350,0.72622,-0.08748,0.02818,-0.68129,0.03798,-0.48595,-0.02649,
1693382597987552768,0.48815,0.55908,1.04723,0.70123,-0.08236,0.02925,-0.70756,0.02308,-0.46849,-0.00844,
1693382598088326400,0.48630,0.52027,1.04367,0.67399,-0.08763,0.03348,-0.73276,-0.00955,-0.41230,-0.00328,
1693382598189111552,0.48881,0.48309,1.04477,0.64520,-0.08471,0.04097,-0.75820,-0.02590,-0.37827,-0.00587,
1693382598256307200,0.48497,0.45757,1.04149,0.62562,-0.08168,0.04171,-0.77472,-0.05302,-0.35672,-0.02061,
1693382598357108480,0.47058,0.43866,1.04531,0.60368,-0.07623,0.04971,-0.79202,-0.10342,-0.30773,-0.02134,
1693382598457921792,0.45944,0.40425,1.04544,0.57977,-0.06755,0.06038,-0.80973,-0.14806,-0.30013,-0.00096,
1693382598558744064,0.44253,0.36842,1.04246,0.55462,-0.05965,0.06437,-0.82746,-0.20139,-0.29773,0.01249,
1693382598659577856,0.41995,0.33431,1.03791,0.53010,-0.05606,0.06413,-0.84365,-0.24468,-0.27116,0.00875,
1693382598760421376,0.39208,0.31365,1.03691,0.50721,-0.05738,0.06608,-0.85737,-0.28809,-0.25449,-0.00666,
1693382598827652608,0.36789,0.28763,1.03455,-0.49583,0.05656,-0.06663,0.86401,-0.32628,-0.25402,-0.01324,
1693382598927141888,0.33284,0.27259,1.03502,-0.48512,0.05686,-0.06434,0.87022,-0.36830,-0.23592,-0.00009,
1693382599026615552,0.30086,0.27109,1.04554,-0.47860,0.05730,-0.06619,0.87366,-0.39852,-0.20193,0.05296,
1693382599126076416,0.26032,0.24360,1.04861,-0.47151,0.06042,-0.06281,0.87755,-0.41919,-0.18894,0.06966,
1693382599225521920,0.21490,0.19921,1.05415,-0.45939,0.06682,-0.05887,0.88376,-0.42116,-0.22379,0.07162,
1693382599324953600,0.17839,0.16727,1.06352,-0.43614,0.07029,-0.05272,0.89558,-0.40724,-0.23144,0.06897,
1693382599424370176,0.14277,0.13564,1.06984,-0.40651,0.06750,-0.04725,0.90992,-0.37627,-0.22123,0.05075,
1693382599523773696,0.11760,0.11798,1.07080,-0.37044,0.07316,-0.04706,0.92477,-0.34107,-0.21155,0.00894,
1693382599590034432,0.09926,0.10890,1.07302,-0.34601,0.07575,-0.05036,0.93381,-0.33261,-0.19189,-0.00762,
1693382599689413120,0.07059,0.09802,1.07418,-0.30580,0.07181,-0.05505,0.94779,-0.31629,-0.16482,-0.02079,
1693382599788778240,0.03684,0.08695,1.07320,-0.27211,0.07120,-0.06088,0.95770,-0.31750,-0.17605,-0.02867,
1693382599888600320,0.00270,0.07683,1.07137,-0.23991,0.06994,-0.07201,0.96559,-0.32949,-0.17522,-0.02724,
1693382599989253376,-0.04687,0.05896,1.06975,-0.21309,0.06412,-0.07618,0.97195,-0.37388,-0.18020,-0.02450,
1693382600089912576,-0.09430,0.04074,1.07145,-0.18963,0.05714,-0.07653,0.97720,-0.40873,-0.21007,-0.02135,
1693382600190580736,-0.13469,0.02407,1.06507,-0.16953,0.05162,-0.08272,0.98069,-0.42670,-0.23143,-0.02971,
1693382600257696768,-0.16945,0.00987,1.06104,-0.15962,0.05068,-0.08719,0.98201,-0.43267,-0.22498,-0.02948,
1693382600358376960,-0.21498,-0.01049,1.05263,-0.14328,0.05326,-0.09298,0.98386,-0.42095,-0.23505,-0.03440,
1693382600459065856,-0.26366,-0.03521,1.05568,-0.13938,0.05483,-0.09962,0.98369,-0.38420,-0.21192,0.00909,
1693382600559761408,-0.30627,-0.05451,1.05627,-0.13470,0.05230,-0.09376,0.98505,-0.31734,-0.15448,0.02591,
1693382600660465664,-0.34019,-0.07470,1.05484,-0.13517,0.05505,-0.09675,0.98455,-0.27011,-0.12814,0.02200,
1693382600761176832,-0.36756,-0.09224,1.05813,-0.13097,0.05412,-0.10877,0.98391,-0.26755,-0.10123,0.02864,
1693382600828322048,-0.39016,-0.10160,1.06315,-0.13095,0.05262,-0.10916,0.98396,-0.27478,-0.06985,0.04838,
1693382600928830976,-0.42592,-0.10952,1.06393,-0.13384,0.05155,-0.10329,0.98426,-0.29218,-0.05351,0.03335,
1693382601030018048,-0.46007,-0.11357,1.06574,-0.14164,0.05392,-0.10174,0.98320,-0.33813,-0.03393,0.03108,
1693382601131235584,-0.50923,-0.12117,1.06927,-0.15633,0.05409,-0.09541,0.98160,-0.39268,-0.00851,0.04648,
1693382601232481792,-0.55313,-0.11879,1.06677,-0.17527,0.05883,-0.08604,0.97899,-0.42960,0.00461,0.04433,
1693382601333758720,-0.59193,-0.11619,1.06512,-0.19762,0.07252,-0.08510,0.97388,-0.44874,0.00034,0.03164,
1693382601401292544,-0.63154,-0.12348,1.06744,-0.21373,0.08018,-0.08425,0.96995,-0.45651,-0.00668,0.04205,
1693382601502617600,-0.66268,-0.12800,1.07358,-0.23494,0.09105,-0.08299,0.96417,-0.38048,-0.02412,0.07127,
1693382601603973376,-0.69774,-0.14098,1.08212,-0.24135,0.09954,-0.07994,0.96200,-0.28825,-0.03536,0.06651,
1693382601705358080,-0.71257,-0.14895,1.09429,-0.24971,0.09774,-0.07408,0.96052,-0.22409,-0.07605,0.06244,
1693382601806772992,-0.73770,-0.15757,1.10391,-0.26192,0.09714,-0.06998,0.95763,-0.20476,-0.09110,0.04517,
1693382601874399232,-0.74522,-0.16675,1.10831,-0.26462,0.09304,-0.06687,0.95752,-0.17987,-0.11377,0.03547,
1693382601975367936,-0.76573,-0.17711,1.10887,-0.26886,0.08596,-0.06380,0.95721,-0.18320,-0.14026,0.01281,
1693382602075382272,-0.79185,-0.18952,1.10449,-0.27059,0.08646,-0.06436,0.95664,-0.20019,-0.16770,-0.00827,
1693382602175403008,-0.81125,-0.20305,1.09957,-0.27208,0.08797,-0.06615,0.95596,-0.23574,-0.21272,-0.04247,
1693382602275432448,-0.84234,-0.22487,1.10245,-0.27472,0.08580,-0.06650,0.95538,-0.27649,-0.26709,-0.02627,
1693382602375468288,-0.87395,-0.25175,1.09876,-0.27963,0.09009,-0.06275,0.95381,-0.29403,-0.32584,-0.03371,
1693382602475512576,-0.91004,-0.27857,1.08826,-0.29376,0.10418,-0.06675,0.94784,-0.31539,-0.36023,-0.04850,
1693382602542212608,-0.93541,-0.29848,1.09026,-0.30245,0.10832,-0.06978,0.94442,-0.31908,-0.34786,-0.02601,
1693382602642268416,-0.97189,-0.33137,1.08788,-0.31414,0.10712,-0.06384,0.94115,-0.29144,-0.30604,-0.01024,
1693382602742332416,-1.00240,-0.36540,1.09221,-0.32792,0.10503,-0.06276,0.93675,-0.23160,-0.26049,0.02824,
1693382602842403328,-1.02117,-0.39256,1.09200,-0.33673,0.10472,-0.06772,0.93331,-0.19024,-0.22214,0.01259,
1693382602942483456,-1.03829,-0.42042,1.09252,-0.34036,0.10028,-0.07001,0.93231,-0.16638,-0.21307,0.00391,
1693382603041966080,-1.03951,-0.42287,1.09485,-0.34787,0.09592,-0.06980,0.93001,-0.17894,-0.20458,0.00471,
1693382603141435904,-1.08398,-0.46623,1.09384,-0.36100,0.09048,-0.06731,0.92572,-0.23002,-0.22119,0.00316,
1693382603207740672,-1.09680,-0.47247,1.09204,-0.37151,0.08808,-0.06595,0.92189,-0.25372,-0.21391,-0.00197,
1693382603307185408,-1.12299,-0.48751,1.08961,-0.39415,0.08710,-0.06186,0.91281,-0.28559,-0.18850,0.00099,
1693382603406616576,-1.15872,-0.51224,1.08766,-0.42121,0.09093,-0.05384,0.90079,-0.30407,-0.18964,0.00996,
1693382603506032640,-1.18156,-0.52490,1.08293,-0.45075,0.10271,-0.04812,0.88541,-0.28668,-0.19760,0.01027,
1693382603605435392,-1.20584,-0.54035,1.08822,-0.48365,0.10930,-0.04957,0.86699,-0.28280,-0.19233,0.05663,
1693382603704822784,-1.23055,-0.56306,1.09446,0.51236,-0.11596,0.03780,-0.85007,-0.22839,-0.14049,0.06364,
1693382603804197120,-1.24211,-0.58014,1.10491,0.53752,-0.11945,0.03262,-0.83411,-0.14225,-0.15106,0.06154,
1693382603903555584,-1.23806,-0.58692,1.11566,0.55981,-0.10933,0.02533,-0.82099,-0.07286,-0.14285,0.06705,
1693382603969842944,-1.24538,-0.60183,1.12354,0.57646,-0.10276,0.01558,-0.81049,-0.05847,-0.16910,0.06073,
1693382604069332736,-1.24670,-0.61897,1.12682,0.59688,-0.09712,0.01151,-0.79635,-0.02434,-0.18802,0.02984,
1693382604168807168,-1.24232,-0.63721,1.12461,0.60540,-0.09630,0.01342,-0.78996,0.00012,-0.21628,0.00892,
1693382604268269056,-1.24253,-0.66069,1.12026,0.61068,-0.09662,0.01067,-0.78589,0.01230,-0.27317,-0.01276,
1693382604367715584,-1.24501,-0.68928,1.11672,0.61582,-0.10076,0.00715,-0.78138,0.01936,-0.31732,-0.03883,
1693382604467149312,-1.24878,-0.72453,1.11403,0.62169,-0.10336,0.00620,-0.77639,0.02844,-0.36327,-0.06618,
1693382604566567424,-1.25302,-0.76290,1.10832,0.62650,-0.10824,0.00724,-0.77184,0.06347,-0.41498,-0.06843,
1693382604665972992,-1.25660,-0.80961,1.10375,0.63381,-0.12289,0.00765,-0.76362,0.07957,-0.43795,-0.05062,
1693382604732235008,-1.26137,-0.82565,1.10571,0.64607,-0.12602,0.00717,-0.75277,0.04726,-0.40909,-0.02478,
1693382604831615744,-1.26473,-0.87079,1.10889,0.66749,-0.11726,-0.00332,-0.73532,0.00454,-0.35170,0.01319,
1693382604930987520,-1.26031,-0.89657,1.10970,0.67873,-0.11103,-0.01301,-0.72582,0.03462,-0.28408,0.02314,
1693382605031242752,-1.24683,-0.93147,1.10902,0.68693,-0.11575,-0.00666,-0.71742,0.07261,-0.24713,0.00953,
1693382605131747840,-1.23425,-0.95584,1.11120,0.69680,-0.11148,-0.00408,-0.70854,0.07910,-0.24391,0.00684,
1693382605232256768,-1.22859,-0.97175,1.11439,0.71002,-0.09901,-0.00856,-0.69713,0.10091,-0.26781,-0.00354,
1693382605332771584,-1.21707,-1.00476,1.11046,0.72413,-0.10069,-0.00288,-0.68226,0.12489,-0.30515,-0.02616,
1693382605399783680,-1.21048,-1.02441,1.10772,0.73293,-0.10080,-0.00116,-0.67279,0.12708,-0.33968,-0.03199,
1693382605500305664,-1.20333,-1.05390,1.10320,0.75119,-0.09791,-0.00410,-0.65277,0.12678,-0.35599,-0.02885,
1693382605600833536,-1.18771,-1.09983,1.09778,0.77018,-0.10151,-0.00579,-0.62968,0.17293,-0.39451,-0.01617,
1693382605701365248,-1.17341,-1.13432,1.09197,0.79158,-0.11184,-0.01248,-0.60061,0.17737,-0.38849,-0.00472,
1693382605801902848,-1.16090,-1.16542,1.09001,0.81689,-0.11219,-0.02597,-0.56518,0.15639,-0.36789,0.01647,
1693382605902444288,-1.15382,-1.18323,1.09752,0.83970,-0.11518,-0.03437,-0.52958,0.10545,-0.26434,0.03542,
1693382605969474816,-1.12984,-1.21943,1.09859,0.84956,-0.12040,-0.03729,-0.51221,0.09511,-0.21513,0.02552,
1693382606069896960,-1.12639,-1.21792,1.10288,0.85921,-0.12169,-0.03439,-0.49575,0.09281,-0.13896,0.02551,
1693382606170465024,-1.09942,-1.22934,1.10679,0.87086,-0.11960,-0.03565,-0.47542,0.14059,-0.08274,0.01345,
1693382606271039488,-1.07718,-1.23088,1.11022,0.88151,-0.11665,-0.03814,-0.45593,0.19526,-0.05314,-0.01457,
1693382606371618816,-1.05101,-1.23857,1.11123,0.88995,-0.11701,-0.03557,-0.43935,0.26109,-0.06805,-0.02393,
1693382606472204032,-1.01802,-1.25180,1.11005,0.89802,-0.11930,-0.03427,-0.42208,0.33035,-0.09626,-0.01700,
1693382606572793600,-0.98680,-1.26088,1.10496,0.90335,-0.12327,-0.03892,-0.40897,0.39375,-0.10659,-0.01513,
1693382606639856896,-0.95920,-1.27058,1.10202,0.90666,-0.12502,-0.04467,-0.40042,0.43332,-0.11018,-0.01321,
1693382606740456704,-0.91763,-1.28264,1.09762,0.91136,-0.12771,-0.05686,-0.38716,0.45108,-0.09720,-0.00658,
1693382606841060864,-0.88313,-1.29119,1.09984,0.91649,-0.12684,-0.06735,-0.37339,0.39209,-0.07133,0.00410,
1693382606941671424,-0.84780,-1.29589,1.10768,0.92357,-0.12161,-0.07234,-0.35636,0.32444,-0.03198,0.02224,
1693382607042284544,-0.83767,-1.29864,1.11223,0.93034,-0.11598,-0.07449,-0.33980,0.22887,-0.01611,0.02558,
1693382607142509824,-0.79266,-1.30299,1.12160,0.93926,-0.11334,-0.06910,-0.31649,0.21864,-0.02219,0.03496,
1693382607209380864,-0.77902,-1.30283,1.12463,0.94468,-0.11151,-0.06805,-0.30086,0.19369,-0.03718,0.01993,
1693382607309686784,-0.75756,-1.30494,1.12494,0.95267,-0.10299,-0.06803,-0.27782,0.18344,-0.05839,-0.00100,
1693382607409993216,-0.72901,-1.30687,1.12460,0.96020,-0.09446,-0.06387,-0.25496,0.22042,-0.05392,0.00146,
1693382607510298368,-0.70571,-1.31428,1.12324,0.96660,-0.09218,-0.06254,-0.23082,0.23714,-0.05946,0.00410,
1693382607610604544,-0.67930,-1.32185,1.12174,0.97407,-0.08930,-0.06437,-0.19765,0.26201,-0.06721,0.01047,
1693382607710909184,-0.65166,-1.32910,1.12160,0.98080,-0.07905,-0.06901,-0.16438,0.29745,-0.06903,0.02391,
1693382607811214848,-0.62414,-1.33764,1.12255,0.98728,-0.07095,-0.07713,-0.11960,0.29849,-0.07381,0.03395,
1693382607878084608,-0.60483,-1.34253,1.12180,0.98998,-0.06776,-0.08583,-0.08937,0.27058,-0.07579,0.02845,
1693382607978388992,-0.57646,-1.34718,1.12451,0.99223,-0.06368,-0.09831,-0.04195,0.23895,-0.07624,0.02424,
1693382608078694144,-0.55943,-1.35153,1.12737,0.99258,-0.05863,-0.10652,0.00102,0.15885,-0.06484,-0.00984,
1693382608178284032,-0.54320,-1.34637,1.12664,0.99244,-0.06145,-0.10225,0.02890,0.12358,-0.01499,-0.02938,
1693382608277501184,-0.53792,-1.33178,1.13155,0.99185,-0.05969,-0.09748,0.05628,0.10061,0.03868,-0.02169,
1693382608376696832,-0.53083,-1.31095,1.14616,0.99028,-0.05626,-0.09473,0.08486,0.10320,0.11252,0.00026,
1693382608475872000,-0.53138,-1.27737,1.14367,0.98708,-0.06056,-0.09439,0.11446,0.12117,0.20501,-0.01620,
1693382608541977088,-0.52466,-1.26264,1.14366,0.98486,-0.06077,-0.09378,0.13250,0.15731,0.24481,-0.01509,
1693382608641116160,-0.50666,-1.23568,1.13928,0.98045,-0.05732,-0.09473,0.16264,0.20927,0.31064,-0.02286,
1693382608740235520,-0.48634,-1.20491,1.13172,0.97506,-0.05256,-0.09937,0.19138,0.23581,0.35999,-0.02187,
1693382608839333120,-0.46826,-1.17007,1.12876,0.96943,-0.04803,-0.10318,0.21738,0.20873,0.35170,0.00310,
1693382608938409984,-0.45488,-1.14195,1.13526,0.96338,-0.04526,-0.09921,0.24495,0.16340,0.29521,0.05231,
1693382609037465344,-0.44485,-1.11579,1.13861,0.96027,-0.03241,-0.09667,0.25979,0.12470,0.22231,0.04853,
1693382609136856320,-0.43935,-1.10324,1.14238,0.95496,-0.02186,-0.09103,0.28158,0.09859,0.14735,0.02741,
1693382609237260032,-0.42590,-1.06601,1.13901,0.94990,-0.02468,-0.08692,0.29920,0.10272,0.14522,-0.00727,
1693382609304196608,-0.41727,-1.04261,1.13884,0.94717,-0.02678,-0.08427,0.30829,0.12404,0.14658,-0.01728,
1693382609404602624,-0.39898,-1.01959,1.13869,0.94278,-0.02788,-0.07705,0.32319,0.16908,0.15876,-0.02224,
1693382609505008384,-0.37920,-1.00448,1.13454,0.93675,-0.03012,-0.07453,0.34063,0.22883,0.17574,-0.02339,
1693382609605416192,-0.34973,-0.97808,1.13156,0.93017,-0.03053,-0.07077,0.35894,0.28917,0.19010,0.00254,
1693382609705823744,-0.31765,-0.95352,1.13134,0.92190,-0.03192,-0.06903,0.37990,0.32835,0.20048,0.03949,
1693382609806233088,-0.28530,-0.92967,1.13280,0.91553,-0.03422,-0.07479,0.39374,0.29122,0.17952,0.06746,
1693382609906642432,-0.26079,-0.90521,1.13200,0.91088,-0.03895,-0.09758,0.39907,0.21517,0.15755,0.06802,
1693382609973582848,-0.24325,-0.88231,1.12994,0.90663,-0.03328,-0.10811,0.40648,0.19122,0.15811,0.03610,
1693382610073994496,-0.22668,-0.86010,1.13251,0.90039,-0.01405,-0.10298,0.42249,0.14660,0.17792,0.00826,
1693382610174294272,-0.21861,-0.84160,1.14169,0.89566,-0.01521,-0.09496,0.43422,0.08600,0.19203,0.01042,
1693382610274953472,-0.22586,-0.82451,1.14916,0.89377,-0.01625,-0.09950,0.43705,0.05617,0.20229,-0.00142,
1693382610375918592,-0.21869,-0.79871,1.15119,0.89398,-0.01447,-0.09724,0.43720,0.04383,0.25714,-0.01182,
1693382610476907520,-0.20426,-0.76977,1.14918,0.89437,-0.00807,-0.09989,0.43596,0.04922,0.34661,-0.03503,
1693382610544245248,-0.20116,-0.74757,1.14872,0.89397,-0.00439,-0.09872,0.43709,0.02408,0.41204,-0.04331,
1693382610645270784,-0.19436,-0.70237,1.14967,0.89534,-0.00505,-0.09709,0.43463,0.00550,0.43757,-0.03097,
1693382610746319872,-0.19026,-0.65544,1.14457,0.89626,-0.01089,-0.09318,0.43349,-0.00756,0.42464,-0.02231,
1693382610847390464,-0.19056,-0.61312,1.13976,0.89743,-0.01184,-0.09221,0.43124,-0.00931,0.40300,-0.01504,
1693382610948484608,-0.18226,-0.58337,1.13777,0.90121,-0.00948,-0.08776,0.42430,-0.00278,0.29278,-0.01368,
1693382611049600256,-0.18170,-0.56342,1.13905,0.89992,-0.01278,-0.08582,0.42733,0.02735,0.20458,-0.02398,
1693382611117023744,-0.16953,-0.54801,1.13915,0.89916,-0.01998,-0.08322,0.42916,0.06750,0.19515,-0.02096,
1693382611218172672,-0.15997,-0.51580,1.13715,0.90048,-0.02967,-0.07872,0.42668,0.11437,0.21333,-0.01436,
1693382611317323264,-0.14159,-0.48276,1.13067,0.89950,-0.03624,-0.07338,0.42919,0.16092,0.23844,-0.01478,
1693382611416451328,-0.11959,-0.43722,1.12207,0.89872,-0.03540,-0.07364,0.43085,0.20740,0.28692,-0.04160,
1693382611515555072,-0.09424,-0.39961,1.11254,0.89652,-0.03206,-0.07406,0.43560,0.25678,0.33442,-0.07219,
1693382611614636544,-0.06410,-0.37227,1.10239,0.89077,-0.02548,-0.07876,0.44684,0.30485,0.34675,-0.07947,
1693382611713693696,-0.03845,-0.35712,1.09930,0.88419,-0.02200,-0.08291,0.45918,0.33765,0.37884,-0.00045,
1693382611779718912,-0.01749,-0.30599,1.10179,0.88063,-0.02423,-0.08412,0.46564,0.31837,0.37968,0.03606,
1693382611878738176,0.00202,-0.26509,1.11059,0.87709,-0.02692,-0.08807,0.47141,0.27266,0.30351,0.06550,
1693382611977732864,0.01175,-0.22681,1.11922,0.87809,-0.02506,-0.08679,0.46989,0.21025,0.29123,0.07069,
1693382612076705536,0.01972,-0.18966,1.12685,0.88126,-0.01979,-0.08308,0.46485,0.15846,0.28390,0.05196,
1693382612175653376,0.03135,-0.15854,1.12886,0.88674,-0.01757,-0.08055,0.45485,0.11255,0.27850,0.02076,
1693382612275117056,0.04767,-0.12874,1.12961,0.89369,-0.01818,-0.08120,0.44089,0.10541,0.30040,-0.02117,
1693382612374834176,0.06494,-0.08929,1.12821,0.89906,-0.01606,-0.07420,0.43119,0.08633,0.32690,-0.05625,
1693382612474549760,0.08204,-0.06228,1.12389,0.90248,-0.02195,-0.07343,0.42386,0.08476,0.37850,-0.06256,
1693382612541025280,0.09659,-0.04326,1.11779,0.90417,-0.02832,-0.07465,0.41964,0.11763,0.40820,-0.06679,
1693382612640736512,0.11757,0.00290,1.11077,0.90706,-0.02830,-0.07430,0.41343,0.15392,0.47862,-0.05772,
1693382612740446464,0.13180,0.05445,1.10567,0.91029,-0.02996,-0.07919,0.40522,0.16712,0.54304,-0.02364,
1693382612840153344,0.15706,0.11677,1.10768,0.91113,-0.04206,-0.08201,0.40167,0.17746,0.49361,0.02652,
1693382612939859200,0.17475,0.16688,1.11113,0.91629,-0.03730,-0.08351,0.38994,0.16408,0.42995,0.01427,
1693382613039561728,0.19276,0.20305,1.11408,0.91386,-0.03901,-0.07689,0.39676,0.14267,0.33936,-0.00368,
1693382613139263232,0.20477,0.24020,1.11180,0.91562,-0.04528,-0.06784,0.39368,0.12250,0.30891,-0.01849,
1693382613238824192,0.21677,0.26045,1.11006,0.91365,-0.04838,-0.06353,0.39858,0.11901,0.26444,-0.02487,
1693382613305004288,0.22565,0.28323,1.10343,0.91174,-0.05013,-0.06268,0.40286,0.11723,0.27292,-0.04315,
1693382613404258048,0.23873,0.31554,1.09672,0.90705,-0.05512,-0.06426,0.41242,0.12968,0.28479,-0.04930,
1693382613503489792,0.25740,0.34190,1.09584,0.89877,-0.05387,-0.06529,0.43016,0.16314,0.29974,-0.02895,
1693382613602701824,0.27372,0.38295,1.09205,0.88885,-0.05154,-0.06787,0.45021,0.16524,0.34722,-0.00231,
1693382613701892352,0.28816,0.42071,1.09469,0.87653,-0.05125,-0.07578,0.47257,0.17993,0.37308,0.05533,
1693382613801063424,0.30543,0.47389,1.09735,0.86445,-0.03711,-0.08205,0.49458,0.15669,0.31650,0.04865,
1693382613900211968,0.30829,0.49900,1.10271,0.85085,-0.03231,-0.08861,0.51688,0.09262,0.28143,0.02790,
1693382613999341568,0.30468,0.52879,1.10661,0.84461,-0.03521,-0.09412,0.52586,0.02519,0.25704,0.01610,
1693382614065415936,0.29963,0.54500,1.10768,0.83693,-0.03572,-0.09896,0.53710,-0.00098,0.26770,-0.00794,
1693382614164509440,0.29700,0.57004,1.11327,0.82715,-0.03679,-0.09384,0.55286,-0.02833,0.29286,-0.00812,
1693382614264145920,0.29211,0.60532,1.11129,0.81787,-0.03715,-0.09511,0.56627,-0.06690,0.32006,-0.01059,
1693382614364054528,0.28324,0.63936,1.10742,0.80741,-0.03725,-0.10589,0.57922,-0.09441,0.36113,-0.02469,
1693382614463967488,0.27488,0.67416,1.10444,0.79883,-0.02930,-0.10857,0.59095,-0.10858,0.38530,-0.02797,
1693382614563883264,0.26734,0.71561,1.10106,0.78809,-0.01808,-0.11033,0.60533,-0.14641,0.43324,-0.00455,
1693382614663803648,0.25530,0.76290,1.10465,0.77160,-0.01960,-0.12081,0.62422,-0.16574,0.44658,0.04274,
1693382614763726080,0.24055,0.80510,1.11027,0.75908,-0.01302,-0.12420,0.63891,-0.16256,0.39978,0.06397,
1693382614830343424,0.23067,0.82376,1.11232,0.75002,0.00183,-0.12458,0.64957,-0.15023,0.33696,0.04579,
1693382614930273024,0.21504,0.85476,1.11927,0.73101,0.00303,-0.11426,0.67272,-0.14021,0.27570,0.02434,
1693382615030204672,0.19440,0.88191,1.12180,0.71596,-0.00043,-0.10819,0.68971,-0.14924,0.25078,0.01201,
1693382615130141184,0.17976,0.90125,1.12093,0.70054,0.00323,-0.09888,0.70672,-0.12408,0.23095,-0.00625,
1693382615229897728,0.16458,0.92884,1.11935,0.68268,0.00235,-0.09130,0.72499,-0.13299,0.25682,-0.00653,
1693382615329279232,0.15180,0.95832,1.11523,0.66179,0.00509,-0.08980,0.74428,-0.11216,0.27934,-0.00998,
1693382615428641536,0.14425,0.98640,1.11118,0.63425,0.01235,-0.08699,0.76812,-0.09752,0.29834,-0.01373,
1693382615494873344,0.13262,1.01058,1.10946,0.61412,0.01450,-0.09098,0.78381,-0.10753,0.30010,0.00381,
1693382615594206208,0.11785,1.04117,1.11067,0.58290,0.01399,-0.09857,0.80642,-0.11274,0.28645,0.06248,
1693382615693520384,0.11043,1.06504,1.12084,0.55226,0.02877,-0.10135,0.82699,-0.10167,0.24546,0.09981,
1693382615792816896,0.09058,1.09429,1.12975,0.52036,0.04429,-0.10939,0.84575,-0.12391,0.20606,0.07428,
1693382615892094464,0.07316,1.11367,1.13737,0.49688,0.04970,-0.10679,0.85979,-0.15673,0.17703,0.04405,
1693382615991354880,0.05934,1.12462,1.14318,0.46987,0.05226,-0.10257,0.87519,-0.17774,0.13653,0.00775,
1693382616090596096,0.03772,1.13882,1.14445,0.44323,0.05033,-0.09738,0.88968,-0.21949,0.13570,-0.02193,
1693382616189823744,0.01299,1.14948,1.14101,0.42678,0.04688,-0.09406,0.89823,-0.26828,0.12814,-0.03469,
1693382616256502272,-0.00507,1.15680,1.13830,0.41766,0.04697,-0.09631,0.90226,-0.31372,0.13615,-0.03809,
1693382616356524800,-0.03764,1.17185,1.13396,0.40338,0.05072,-0.09831,0.90832,-0.38648,0.15937,-0.03353,
1693382616456554240,-0.07920,1.18782,1.13125,0.39303,0.05686,-0.09762,0.91256,-0.44067,0.14093,-0.00809,
1693382616556588800,-0.12167,1.20184,1.13432,0.37902,0.05638,-0.09656,0.91861,-0.44494,0.14576,0.02133,
1693382616656630784,-0.16405,1.21314,1.13525,0.37250,0.05145,-0.08468,0.92273,-0.40108,0.10850,0.02566,
1693382616756677632,-0.19848,1.22249,1.13512,0.36739,0.05856,-0.08822,0.92402,-0.32344,0.06354,-0.00726,
1693382616856731904,-0.22848,1.22783,1.13521,0.35512,0.04951,-0.09084,0.92908,-0.27546,0.04457,-0.03520,
1693382616923437824,-0.24855,1.23224,1.13233,0.34900,0.04227,-0.08664,0.93215,-0.26005,0.03601,-0.05583,
1693382617023501056,-0.27094,1.23681,1.12576,0.33229,0.02921,-0.08777,0.93863,-0.23807,0.01717,-0.05098,
1693382617123572224,-0.30176,1.23959,1.12032,0.31563,0.02378,-0.09574,0.94374,-0.26944,0.03658,-0.02145,
1693382617223595008,-0.33265,1.24634,1.11694,0.29524,0.02515,-0.08693,0.95113,-0.28933,0.06414,-0.02290,
1693382617324866816,-0.36398,1.25280,1.11330,0.27264,0.02699,-0.08496,0.95798,-0.30916,0.06062,-0.03224,
1693382617426167808,-0.39636,1.26078,1.10972,0.24698,0.02633,-0.09420,0.96407,-0.30967,0.06600,-0.01234,
1693382617493719040,-0.41652,1.26849,1.10838,0.22472,0.03369,-0.09610,0.96909,-0.31211,0.09110,0.00942,
1693382617595071744,-0.45149,1.27757,1.11373,0.18638,0.03321,-0.08985,0.97780,-0.33218,0.09494,0.07370,
1693382617696453888,-0.48917,1.28626,1.11710,0.15879,0.06065,-0.08856,0.98146,-0.24419,0.07424,0.06399,
1693382617797867520,-0.51213,1.28943,1.12223,0.13017,0.07819,-0.09203,0.98411,-0.16442,0.06091,0.03419,
1693382617899310336,-0.53141,1.29086,1.12733,0.10343,0.08405,-0.08619,0.98732,-0.14460,0.02497,0.01054,
1693382618000784384,-0.54731,1.28699,1.13387,0.07898,0.07943,-0.08438,0.99012,-0.13519,-0.01064,0.00842,
1693382618068450560,-0.55730,1.28518,1.13688,0.06203,0.07666,-0.08237,0.99171,-0.14143,-0.02231,0.00952,
1693382618169974272,-0.57581,1.27972,1.13455,0.03471,0.07819,-0.08539,0.99267,-0.16146,-0.05006,-0.00422,
1693382618271024640,-0.59567,1.27019,1.13412,0.01301,0.07824,-0.08814,0.99295,-0.18250,-0.06029,0.00592,
1693382618371471616,-0.61502,1.25900,1.13198,-0.00282,0.07935,-0.08295,0.99339,-0.20689,-0.08840,0.00630,
1693382618472111104,-0.64271,1.24903,1.13023,-0.02065,0.08730,-0.08293,0.99251,-0.26073,-0.11846,-0.01015,
1693382618572755456,-0.66924,1.23724,1.13089,-0.03731,0.09041,-0.08405,0.99165,-0.30740,-0.13760,-0.02181,
1693382618639854848,-0.69192,1.22247,1.13389,-0.04787,0.09070,-0.08010,0.99150,-0.33043,-0.16913,-0.02304,
1693382618740509696,-0.72445,1.20911,1.13370,-0.06714,0.08936,-0.08089,0.99044,-0.34380,-0.19464,-0.01702,
1693382618841169152,-0.75958,1.18248,1.13200,-0.08571,0.07886,-0.08890,0.98921,-0.32172,-0.22669,0.00391,
1693382618941835520,-0.79034,1.16564,1.12868,-0.10762,0.08536,-0.08688,0.98670,-0.27586,-0.18694,0.00165,
1693382619042506496,-0.81722,1.14859,1.13165,-0.13346,0.08334,-0.07850,0.98442,-0.23147,-0.14032,-0.00703,
1693382619143184128,-0.83853,1.13383,1.13811,-0.16346,0.06873,-0.07922,0.98096,-0.19796,-0.10881,0.02787,
1693382619210305536,-0.84966,1.12317,1.13811,-0.17644,0.06103,-0.08272,0.97893,-0.19549,-0.11873,0.03941,
1693382619310988544,-0.87298,1.10781,1.13254,-0.19680,0.06122,-0.07807,0.97541,-0.23313,-0.10636,0.01856,
1693382619411369472,-0.90412,1.09741,1.12498,-0.22533,0.06421,-0.06928,0.96969,-0.27381,-0.09736,-0.01794,
1693382619511890688,-0.92839,1.09514,1.11722,-0.25940,0.07954,-0.06699,0.96016,-0.27259,-0.06594,-0.03426,
1693382619612415488,-0.95548,1.09460,1.11914,-0.30198,0.09439,-0.06646,0.94630,-0.30959,-0.06499,0.00603,
1693382619712941824,-0.99070,1.07918,1.12251,-0.34003,0.09804,-0.06106,0.93330,-0.26740,-0.03323,0.03783,
1693382619779961344,-0.99959,1.07307,1.12745,-0.36016,0.10667,-0.06310,0.92462,-0.19878,-0.04457,0.04658,
1693382619880493312,-1.02064,1.05032,1.13204,-0.37958,0.11899,-0.06679,0.91504,-0.12952,-0.10019,0.02520,
1693382619981026816,-1.02148,1.04141,1.13550,-0.40784,0.11715,-0.05690,0.90372,-0.06794,-0.15171,-0.00015,
1693382620081564160,-1.02940,1.02922,1.14215,-0.43928,0.10938,-0.05311,0.89008,-0.01174,-0.16625,0.00026,
1693382620182103040,-1.03164,1.01600,1.14534,-0.46819,0.10701,-0.05409,0.87546,-0.00478,-0.21031,-0.00325,
1693382620282645504,-1.03766,0.98494,1.14357,-0.49325,0.10172,-0.04942,0.86250,-0.00344,-0.30854,-0.01301,
1693382620382756352,-1.03626,0.94970,1.13850,0.51503,-0.10796,0.04696,-0.84905,0.02238,-0.38347,-0.02204,
1693382620448916992,-1.03227,0.92584,1.13262,0.52965,-0.11288,0.04643,-0.83939,0.03031,-0.39935,-0.01462,
1693382620548139776,-1.02611,0.88377,1.12622,0.54934,-0.11165,0.04079,-0.82710,0.06407,-0.41266,0.01295,
1693382620647339520,-1.01583,0.85530,1.12953,0.57056,-0.11786,0.02708,-0.81231,0.07022,-0.34609,0.03644,
1693382620746518016,-1.00634,0.82082,1.13401,0.58846,-0.11403,0.01605,-0.80029,0.04905,-0.28910,0.01911,
1693382620845673216,-1.00205,0.79137,1.13849,0.60540,-0.10132,0.01202,-0.78936,0.01734,-0.24363,0.00488,
1693382620944807168,-0.99525,0.76780,1.13601,0.61297,-0.09467,0.01760,-0.78422,0.02574,-0.23643,-0.01466,
1693382621043917568,-0.99335,0.73650,1.13441,0.62003,-0.09139,0.02244,-0.77891,-0.00433,-0.25162,-0.03421,
1693382621143007232,-1.00376,0.71102,1.13087,0.63341,-0.08238,0.02394,-0.76905,-0.04120,-0.29302,-0.04184,
1693382621209054208,-1.01558,0.69164,1.12771,0.64465,-0.08028,0.02323,-0.75989,-0.07609,-0.31754,-0.03945,
1693382621308105472,-1.02568,0.65197,1.12233,0.66479,-0.07982,0.02481,-0.74234,-0.11655,-0.34369,-0.00784,
1693382621407656704,-1.03814,0.61816,1.11985,0.68058,-0.08616,0.02026,-0.72731,-0.11538,-0.38270,0.04505,
1693382621507455744,-1.05154,0.57546,1.12265,0.69520,-0.09772,0.01245,-0.71204,-0.10813,-0.36725,0.05599,
1693382621607254784,-1.06384,0.54289,1.12703,0.71336,-0.11030,0.00300,-0.69206,-0.09902,-0.31555,0.00910,
1693382621707051520,-1.07112,0.51374,1.13101,0.72936,-0.11357,0.00294,-0.67463,-0.07094,-0.27373,-0.01943,
1693382621806848256,-1.07037,0.49219,1.13927,0.74197,-0.09849,0.00940,-0.66309,-0.00844,-0.25905,-0.00560,
1693382621906643200,-1.06825,0.46569,1.13952,0.75568,-0.09448,0.01805,-0.64784,0.04439,-0.25265,-0.00168,
1693382621973172992,-1.06344,0.44620,1.13613,0.76083,-0.09681,0.01917,-0.64141,0.06947,-0.27342,-0.01956,
1693382622072967168,-1.05656,0.41282,1.13615,0.76885,-0.09235,0.02467,-0.63224,0.09985,-0.33557,-0.02206,
1693382622172759040,-1.04612,0.36811,1.13117,0.77422,-0.08699,0.02839,-0.62626,0.13804,-0.41537,-0.02191,
1693382622272551424,-1.03233,0.32342,1.12428,0.77702,-0.09109,0.02915,-0.62217,0.17373,-0.47371,-0.03548,
1693382622372404480,-1.01653,0.27602,1.12693,0.77835,-0.08842,0.03852,-0.62038,0.18010,-0.49625,0.00642,
1693382622472385280,-0.99428,0.22650,1.12177,0.77712,-0.08708,0.03480,-0.62232,0.21153,-0.48242,0.01364,
1693382622572369408,-0.98322,0.17278,1.12363,0.77879,-0.09532,0.02542,-0.61948,0.14210,-0.40448,0.00439,
1693382622639028480,-0.97188,0.14552,1.13129,0.77917,-0.09320,0.03064,-0.61909,0.11594,-0.35131,0.00210,
1693382622739021568,-0.96618,0.10506,1.13118,0.78130,-0.08435,0.03511,-0.61743,0.07843,-0.32509,-0.02045,
1693382622839017984,-0.96189,0.06698,1.12736,0.78697,-0.07676,0.04204,-0.61076,0.05680,-0.31862,-0.04175,
1693382622939020032,-0.96133,0.04018,1.12225,0.79411,-0.07016,0.04800,-0.60180,0.02902,-0.33151,-0.04196,
1693382623039026176,-0.96560,0.00544,1.11390,0.80470,-0.06668,0.04628,-0.58811,-0.00363,-0.34966,-0.03897,
1693382623139037952,-0.96684,-0.04185,1.10842,0.81880,-0.07178,0.04271,-0.56797,-0.01701,-0.36750,-0.01439,
1693382623239053056,-0.97209,-0.07915,1.10938,0.83714,-0.08332,0.03879,-0.53921,-0.01159,-0.37622,0.03228,
1693382623305732608,-0.97026,-0.11303,1.11203,0.84994,-0.08845,0.03568,-0.51818,-0.01901,-0.36128,0.05352,
1693382623405738240,-0.96659,-0.14718,1.11556,0.86591,-0.09616,0.02268,-0.49034,-0.00268,-0.27150,0.02672,
1693382623505737728,-0.96267,-0.16551,1.11968,0.87780,-0.09532,0.02132,-0.46896,0.04299,-0.20200,-0.01211,
1693382623605742336,-0.94899,-0.18349,1.12581,0.89182,-0.08473,0.02892,-0.44344,0.10868,-0.15835,-0.03240,
1693382623705750016,-0.93461,-0.18979,1.11922,0.90122,-0.08185,0.03137,-0.42440,0.16937,-0.11893,-0.07315,
1693382623805762816,-0.91220,-0.20165,1.10691,0.90709,-0.08561,0.03012,-0.41105,0.25074,-0.13353,-0.12384,
1693382623905778432,-0.88415,-0.21970,1.09339,0.91554,-0.09196,0.03360,-0.39013,0.32762,-0.16708,-0.15162,
1693382623972458240,-0.86029,-0.23727,1.08042,0.92031,-0.09933,0.02980,-0.37719,0.37703,-0.18169,-0.16917,
1693382624072481280,-0.82075,-0.25752,1.06661,0.92692,-0.11376,0.02984,-0.35634,0.40882,-0.18021,-0.15470,
1693382624172507648,-0.77710,-0.27038,1.04898,0.93062,-0.11298,0.02590,-0.34716,0.40824,-0.14001,-0.19125,
1693382624272539392,-0.73873,-0.28888,1.02821,0.93829,-0.10020,0.01822,-0.33053,0.38245,-0.12366,-0.25721,
1693382624372412416,-0.70478,-0.29898,1.00032,0.94796,-0.09457,0.00774,-0.30392,0.30961,-0.08952,-0.33203,
1693382624471955200,-0.67221,-0.30965,0.96296,0.95433,-0.08627,-0.00193,-0.28601,0.28183,-0.10007,-0.43977,
1693382624571482624,-0.64387,-0.31801,0.91730,0.96246,-0.07645,0.00259,-0.26041,0.22137,-0.09909,-0.51761,
1693382624637826560,-0.62411,-0.32781,0.88168,0.96667,-0.06594,0.00279,-0.24736,0.20462,-0.12782,-0.57688,
1693382624737330432,-0.60312,-0.33893,0.82153,0.97253,-0.05324,0.00508,-0.22654,0.17288,-0.13441,-0.64809,
1693382624836818432,-0.58340,-0.34795,0.75387,0.97446,-0.05000,-0.00385,-0.21889,0.14418,-0.11464,-0.69968,
1693382624936292864,-0.56411,-0.36051,0.67985,0.97614,-0.03835,-0.02082,-0.21269,0.14690,-0.10747,-0.76362,
1693382625035751936,-0.55779,-0.37138,0.61012,0.98119,-0.03173,-0.01740,-0.18964,0.11110,-0.06763,-0.76245,
1693382625135196672,-0.54579,-0.37792,0.53808,0.98384,-0.04107,-0.01200,-0.17387,0.07789,-0.03681,-0.68589,
1693382625234626304,-0.54074,-0.38070,0.47960,0.98513,-0.04495,-0.00917,-0.16556,0.06568,-0.02048,-0.57546,
1693382625334045184,-0.51247,-0.37923,0.41062,0.98632,-0.04873,-0.00322,-0.15745,0.06542,0.02056,-0.48658,
1693382625400833536,-0.51141,-0.37770,0.38570,0.98658,-0.05379,-0.00163,-0.15418,0.04737,0.03578,-0.42367,
1693382625501024256,-0.50488,-0.37486,0.34615,0.98777,-0.05710,0.00081,-0.14510,0.03754,0.04369,-0.33839,
1693382625601225728,-0.49914,-0.37035,0.31117,0.98851,-0.05262,0.00416,-0.14161,0.03202,0.05482,-0.26629,
1693382625701436672,-0.49711,-0.36533,0.28373,0.98985,-0.04534,0.00309,-0.13466,0.02293,0.04135,-0.22622,
1693382625801658624,-0.49322,-0.36106,0.26107,0.99102,-0.03477,0.00747,-0.12889,0.04450,0.02848,-0.24754,
1693382625901889536,-0.49339,-0.36100,0.24137,0.99195,-0.04133,0.02409,-0.11728,0.02099,0.02061,-0.23899,
1693382626002131712,-0.49245,-0.35824,0.21771,0.99170,-0.05595,0.03392,-0.11068,0.00840,0.00986,-0.18915,
1693382626068965120,-0.49049,-0.35683,0.20163,0.99187,-0.05816,0.03777,-0.10674,-0.00171,-0.00500,-0.14273,
1693382626169222912,-0.49149,-0.35918,0.18813,0.99293,-0.05003,0.04053,-0.09977,-0.02400,-0.02473,-0.08429,
1693382626269491712,-0.49226,-0.36094,0.17587,0.99308,-0.04472,0.02922,-0.10454,-0.00033,-0.02516,-0.10316,
1693382626369681152,-0.49116,-0.36431,0.16195,0.99243,-0.04699,0.02467,-0.11076,0.00721,-0.03031,-0.12150,
1693382626470709248,-0.49341,-0.37060,0.15137,0.99335,-0.02067,0.00991,-0.11286,-0.03498,-0.02993,-0.06812,
1693382626571763456,-0.49837,-0.37499,0.14646,0.99368,-0.00350,-0.00171,-0.11217,-0.01548,-0.00807,-0.00298,
1693382626639148032,-0.49921,-0.37484,0.14962,0.99367,-0.00399,-0.00201,-0.11221,0.00958,-0.01510,-0.00171,
1693382626740247808,-0.49914,-0.37519,0.14967,0.99369,-0.00378,-0.00169,-0.11210,-0.00672,-0.00217,-0.00236,
1693382626841373440,-0.49884,-0.37535,0.14902,0.99370,-0.00366,-0.00040,-0.11205,-0.00217,-0.00287,-0.00132,
1693382626942527232,-0.49866,-0.37534,0.14874,0.99368,-0.00375,0.00049,-0.11215,0.00106,-0.00345,-0.00036,
1693382627043706880,-0.49916,-0.37526,0.14882,0.99369,-0.00395,-0.00082,-0.11211,0.00866,-0.00379,0.00038,
1693382627144914432,-0.49895,-0.37530,0.14885,0.99369,-0.00387,-0.00014,-0.11207,0.00264,-0.00246,-0.00006,
1693382627212400640,-0.49860,-0.37535,0.14872,0.99370,-0.00377,0.00064,-0.11205,-0.00595,-0.00041,-0.00123,
1693382627313651712,-0.49859,-0.37539,0.14856,0.99370,-0.00381,0.00068,-0.11204,-0.00262,-0.00071,0.00036,
1693382627414397440,-0.49860,-0.37544,0.14851,0.99369,-0.00379,0.00058,-0.11205,-0.00084,-0.00110,-0.00048,
1693382627514094848,-0.49896,-0.37554,0.14854,0.99370,-0.00377,0.00060,-0.11200,-0.00061,-0.00233,0.00045,
1693382627613782528,-0.49925,-0.37541,0.14855,0.99370,-0.00385,0.00060,-0.11200,-0.00026,-0.00056,-0.00021,
1693382627713458432,-0.49896,-0.37534,0.14847,0.99370,-0.00384,0.00056,-0.11197,0.00186,-0.00104,0.00095,
1693382627779903744,-0.49883,-0.37532,0.14844,0.99370,-0.00380,0.00050,-0.11200,0.00062,-0.00120,-0.00092,
1693382627879563008,-0.49852,-0.37520,0.14831,0.99370,-0.00381,0.00069,-0.11204,0.00000,0.00024,0.00070,
1693382627979210496,-0.49843,-0.37518,0.14828,0.99369,-0.00380,0.00059,-0.11206,0.00032,-0.00047,-0.00025,
1693382628078848768,-0.49845,-0.37513,0.14827,0.99370,-0.00380,0.00051,-0.11203,0.00128,-0.00031,0.00023,
1693382628178475264,-0.49836,-0.37497,0.14844,0.99370,-0.00379,0.00053,-0.11200,0.00242,0.00092,0.00229,
1693382628278092288,-0.49822,-0.37501,0.14859,0.99369,-0.00378,0.00052,-0.11212,0.00111,-0.00024,0.00111,
1693382628377700096,-0.49844,-0.37510,0.14870,0.99369,-0.00374,0.00048,-0.11214,0.00044,-0.00053,-0.00038,
1693382628477404416,-0.49845,-0.37514,0.14871,0.99369,-0.00369,0.00046,-0.11211,0.00103,-0.00082,-0.00021,
1693382628543867392,-0.49839,-0.37515,0.14867,0.99369,-0.00368,0.00049,-0.11206,0.00147,-0.00134,0.00003,
1693382628643553280,-0.49843,-0.37511,0.14861,0.99370,-0.00371,0.00050,-0.11205,0.00027,-0.00037,-0.00023,
1693382628743229184,-0.49851,-0.37515,0.14863,0.99369,-0.00369,0.00048,-0.11206,0.00060,-0.00066,-0.00011,
1693382628842893824,-0.49843,-0.37508,0.14856,0.99369,-0.00369,0.00044,-0.11212,0.00089,-0.00030,-0.00026,
1693382628942548480,-0.49835,-0.37507,0.14850,0.99369,-0.00368,0.00042,-0.11214,0.00063,-0.00056,-0.00022,
1693382629042192128,-0.49819,-0.37519,0.14846,0.99370,-0.00366,0.00043,-0.11200,0.00129,-0.00184,0.00016,
1693382629141825792,-0.49805,-0.37515,0.14833,0.99370,-0.00369,0.00040,-0.11199,-0.00011,-0.00031,-0.00031,
1693382629208242432,-0.49800,-0.37514,0.14831,0.99370,-0.00368,0.00038,-0.11198,0.00006,-0.00087,0.00017,
1693382629307857664,-0.49792,-0.37512,0.14827,0.99370,-0.00367,0.00039,-0.11199,0.00015,-0.00046,0.00008,
1693382629407501056,-0.49792,-0.37513,0.14825,0.99370,-0.00367,0.00038,-0.11201,-0.00016,-0.00046,0.00036,
1693382629507200768,-0.49795,-0.37507,0.14824,0.99370,-0.00368,0.00036,-0.11205,0.00016,-0.00026,0.00052,
1693382629606891264,-0.49794,-0.37506,0.14823,0.99370,-0.00369,0.00039,-0.11205,0.00004,-0.00077,0.00030,
1693382629706569984,-0.49794,-0.37508,0.14821,0.99369,-0.00368,0.00041,-0.11206,0.00018,-0.00080,-0.00010,
1693382629806238720,-0.49792,-0.37511,0.14818,0.99369,-0.00368,0.00044,-0.11207,0.00023,-0.00070,0.00019,
1693382629905896448,-0.49785,-0.37505,0.14810,0.99369,-0.00368,0.00042,-0.11207,-0.00078,0.00010,0.00013,
1693382629972329472,-0.49776,-0.37505,0.14810,0.99369,-0.00365,0.00041,-0.11208,-0.00056,-0.00078,0.00072,
1693382630071970304,-0.49776,-0.37507,0.14809,0.99369,-0.00364,0.00041,-0.11208,-0.00096,-0.00080,0.00046,
1693382630171599872,-0.49779,-0.37507,0.14807,0.99369,-0.00364,0.00040,-0.11209,-0.00061,-0.00073,-0.00003,
1693382630271219712,-0.49776,-0.37504,0.14802,0.99369,-0.00367,0.00040,-0.11212,-0.00033,-0.00013,-0.00007,
1693382630370830080,-0.49785,-0.37506,0.14802,0.99369,-0.00365,0.00040,-0.11209,-0.00126,-0.00050,0.00029,
1693382630470531840,-0.49794,-0.37506,0.14802,0.99369,-0.00365,0.00041,-0.11209,-0.00067,-0.00063,0.00018,
1693382630570222080,-0.49801,-0.37507,0.14803,0.99369,-0.00365,0.00043,-0.11210,-0.00060,-0.00042,0.00037,
1693382630636676864,-0.49804,-0.37506,0.14801,0.99369,-0.00365,0.00042,-0.11211,-0.00089,-0.00034,0.00013,
1693382630736350208,-0.49800,-0.37503,0.14801,0.99369,-0.00364,0.00043,-0.11211,-0.00093,-0.00035,0.00043,
1693382630836012032,-0.49793,-0.37499,0.14797,0.99369,-0.00363,0.00043,-0.11213,-0.00108,-0.00031,0.00027,
1693382630935664384,-0.49791,-0.37499,0.14797,0.99368,-0.00365,0.00044,-0.11215,-0.00169,-0.00079,0.00074,
1693382631035304960,-0.49788,-0.37498,0.14793,0.99368,-0.00364,0.00042,-0.11215,-0.00149,-0.00050,0.00035,
1693382631134935808,-0.49780,-0.37495,0.14789,0.99368,-0.00363,0.00041,-0.11217,-0.00098,-0.00031,0.00032,
1693382631234554880,-0.49781,-0.37497,0.14787,0.99368,-0.00363,0.00040,-0.11217,-0.00140,-0.00052,0.00021,
1693382631334164736,-0.49785,-0.37498,0.14789,0.99368,-0.00364,0.00042,-0.11216,-0.00153,-0.00071,0.00081,
1693382631400600576,-0.49782,-0.37496,0.14787,0.99368,-0.00364,0.00042,-0.11217,-0.00217,-0.00039,0.00058,
1693382631500294656,-0.49779,-0.37495,0.14785,0.99368,-0.00364,0.00042,-0.11218,-0.00199,-0.00063,0.00094,
