# timestamp (sec),tracking,propagation,msckf update,slam update,slam delayed,re-tri & marg,total
1691674611.644527196884155,0.00475,0.00014,0.00025,0.00000,0.00000,0.00152,0.00667
1691674611.668105363845825,0.00321,0.00014,0.00364,0.00000,0.00348,0.00175,0.01222
1691674611.701444864273071,0.00306,0.00012,0.00021,0.00064,0.00000,0.00150,0.00553
1691674611.734383344650269,0.00278,0.00015,0.00002,0.00065,0.00000,0.00167,0.00527
1691674611.767685651779175,0.01154,0.00067,0.00046,0.00198,0.00042,0.00422,0.01929
1691674611.801599502563477,0.00440,0.00022,0.00004,0.00120,0.00000,0.00226,0.00813
1691674611.834807157516479,0.00848,0.00038,0.00022,0.00151,0.00005,0.00317,0.01381
1691674611.867959976196289,0.00284,0.00017,0.00009,0.00089,0.00000,0.00188,0.00587
1691674611.901148796081543,0.00306,0.00017,0.00001,0.00090,0.00000,0.00204,0.00619
1691674611.934476375579834,0.00394,0.00015,0.00006,0.00084,0.00048,0.00186,0.00732
1691674611.967741250991821,0.00419,0.00023,0.00003,0.00155,0.00000,0.00245,0.00845
1691674612.000984191894531,0.00380,0.00027,0.00059,0.00097,0.00000,0.00181,0.00743
1691674612.034238338470459,0.00328,0.00017,0.00003,0.00099,0.00343,0.00206,0.00996
1691674612.066782474517822,0.00310,0.00017,0.00443,0.00138,0.02491,0.00184,0.03583
1691674612.100192785263062,0.00331,0.00021,0.00002,0.00512,0.00153,0.00171,0.01190
1691674612.133514881134033,0.00337,0.00022,0.00012,0.00501,0.00000,0.00195,0.01066
1691674612.166860342025757,0.00328,0.00020,0.00027,0.00505,0.00138,0.00174,0.01192
1691674612.200194358825684,0.00326,0.00023,0.00027,0.00519,0.00182,0.00174,0.01251
1691674612.233600616455078,0.00640,0.00037,0.00033,0.00816,0.00183,0.00224,0.01934
1691674612.266957759857178,0.00433,0.00020,0.00036,0.00532,0.00020,0.00174,0.01214
1691674612.300261974334717,0.00345,0.00021,0.00085,0.00556,0.00580,0.00206,0.01792
1691674612.333544254302979,0.00300,0.00021,0.00008,0.00692,0.00000,0.00195,0.01217
1691674612.366786956787109,0.00431,0.00024,0.00008,0.00644,0.00223,0.00159,0.01489
1691674612.400081634521484,0.00331,0.00024,0.00147,0.00686,0.00000,0.00195,0.01382
1691674612.433454513549805,0.01074,0.00065,0.00125,0.01322,0.00019,0.00335,0.02940
1691674612.466905117034912,0.00331,0.00024,0.00499,0.00596,0.00172,0.00200,0.01822
1691674612.500267744064331,0.00504,0.00025,0.00081,0.00607,0.00111,0.00166,0.01494
1691674612.533627986907959,0.00919,0.00076,0.00050,0.01297,0.00000,0.00277,0.02619
1691674612.566990375518799,0.00335,0.00023,0.00253,0.00624,0.00005,0.00170,0.01411
1691674612.600217819213867,0.00342,0.00020,0.00010,0.00618,0.00046,0.00186,0.01223
1691674612.633558988571167,0.00441,0.00024,0.00017,0.00616,0.00114,0.00175,0.01388
1691674612.666931390762329,0.00352,0.00024,0.00066,0.00640,0.00000,0.00190,0.01271
1691674612.700269937515259,0.01441,0.00066,0.00056,0.01594,0.00158,0.00307,0.03623
1691674612.733572959899902,0.00403,0.00029,0.00012,0.00638,0.00158,0.00188,0.01428
1691674612.766922235488892,0.00414,0.00023,0.00089,0.00531,0.00170,0.00184,0.01411
1691674612.800302028656006,0.00372,0.00020,0.00008,0.00610,0.00284,0.00240,0.01534
1691674612.833620309829712,0.00351,0.00027,0.00075,0.00689,0.00000,0.00204,0.01346
1691674612.866975069046021,0.00369,0.00023,0.00483,0.00675,0.00000,0.00188,0.01738
1691674612.900325059890747,0.00300,0.00021,0.00052,0.00622,0.00000,0.00192,0.01187
1691674612.933653116226196,0.00330,0.00026,0.00013,0.00580,0.00141,0.00172,0.01262
1691674612.966978549957275,0.00334,0.00022,0.00314,0.00654,0.00162,0.00209,0.01695
1691674613.000302553176880,0.00299,0.00022,0.00170,0.00608,0.00027,0.00187,0.01313
1691674613.033621549606323,0.00369,0.00023,0.00045,0.00569,0.00105,0.00178,0.01289
1691674613.066988229751587,0.00773,0.00025,0.00023,0.00559,0.00477,0.00267,0.02125
1691674613.100342988967896,0.00360,0.00026,0.00129,0.00608,0.00008,0.00186,0.01316
1691674613.133741855621338,0.00370,0.00023,0.00081,0.00608,0.00289,0.00210,0.01580
1691674613.167137861251831,0.00304,0.00027,0.00287,0.00627,0.00120,0.00195,0.01561
1691674613.200476884841919,0.00336,0.00024,0.00002,0.00651,0.00000,0.00184,0.01198
1691674613.233843326568604,0.00388,0.00025,0.00042,0.00683,0.00017,0.00213,0.01368
1691674613.267176866531372,0.00369,0.00022,0.00569,0.00665,0.00085,0.00187,0.01898
1691674613.300504922866821,0.00332,0.00021,0.00379,0.00694,0.00000,0.00175,0.01602
1691674613.333917617797852,0.00365,0.00028,0.00002,0.00695,0.00000,0.00187,0.01277
1691674613.367280483245850,0.00324,0.00022,0.00343,0.00645,0.00003,0.00209,0.01546
1691674613.400595188140869,0.00335,0.00024,0.00318,0.00595,0.00136,0.00180,0.01587
1691674613.433956861495972,0.00645,0.00026,0.00285,0.00623,0.00024,0.00199,0.01801
1691674613.467239856719971,0.00321,0.00020,0.00291,0.00601,0.00165,0.00191,0.01590
1691674613.500538825988770,0.00442,0.00021,0.00026,0.00652,0.00004,0.00201,0.01346
1691674613.533926248550415,0.00383,0.00023,0.00076,0.00616,0.00082,0.00210,0.01390
1691674613.567381858825684,0.00327,0.00023,0.00384,0.00536,0.00003,0.00170,0.01443
1691674613.600758552551270,0.00327,0.00021,0.00009,0.00546,0.00004,0.00212,0.01119
1691674613.634114265441895,0.00756,0.00028,0.00037,0.00487,0.00076,0.00193,0.01577
1691674613.667435169219971,0.00439,0.00020,0.00073,0.00508,0.00709,0.00200,0.01950
1691674613.700721740722656,0.00410,0.00030,0.00301,0.00564,0.00436,0.00201,0.01943
1691674613.734090328216553,0.00308,0.00021,0.00006,0.00585,0.00000,0.00184,0.01105
1691674613.767533063888550,0.00350,0.00021,0.00259,0.00523,0.00380,0.00188,0.01722
1691674613.800891160964966,0.00317,0.00022,0.00014,0.00677,0.00547,0.00179,0.01756
1691674613.834277868270874,0.00375,0.00023,0.00159,0.00625,0.00034,0.00170,0.01386
1691674613.867619276046753,0.00328,0.00022,0.00004,0.00650,0.00266,0.00204,0.01472
1691674613.900959730148315,0.00330,0.00025,0.00008,0.00745,0.00144,0.00186,0.01439
1691674613.934306859970093,0.00316,0.00024,0.00010,0.00730,0.00000,0.00178,0.01259
1691674613.967644929885864,0.00769,0.00029,0.00340,0.00626,0.00207,0.00243,0.02214
1691674614.000991821289062,0.00307,0.00020,0.00007,0.00650,0.00006,0.00198,0.01189
1691674614.034354209899902,0.00960,0.00056,0.00035,0.01025,0.00000,0.00276,0.02353
1691674614.067712068557739,0.00391,0.00023,0.00014,0.00539,0.00026,0.00186,0.01180
1691674614.101064443588257,0.00389,0.00021,0.00019,0.00577,0.00274,0.00172,0.01452
1691674614.134395122528076,0.00277,0.00021,0.00006,0.00600,0.00153,0.00181,0.01239
1691674614.167759656906128,0.00289,0.00021,0.00119,0.00661,0.00313,0.00205,0.01609
1691674614.201121807098389,0.00407,0.00037,0.00004,0.00695,0.00013,0.00181,0.01337
1691674614.234409809112549,0.00315,0.00024,0.00092,0.00641,0.00339,0.00181,0.01592
1691674614.267765045166016,0.00300,0.00020,0.00143,0.00703,0.00143,0.00204,0.01512
1691674614.301159143447876,0.00312,0.00022,0.00008,0.00844,0.00309,0.00165,0.01660
1691674614.334474563598633,0.00315,0.00037,0.00202,0.00757,0.00000,0.00199,0.01510
1691674614.367858648300171,0.00337,0.00021,0.00371,0.00694,0.00000,0.00172,0.01595
1691674614.401196479797363,0.01148,0.00071,0.01175,0.01271,0.00000,0.00224,0.03890
1691674614.434558629989624,0.00326,0.00022,0.00160,0.00646,0.00007,0.00221,0.01382
1691674614.467963218688965,0.00276,0.00021,0.00008,0.00598,0.00006,0.00167,0.01075
1691674614.501325607299805,0.00338,0.00021,0.00016,0.00784,0.00038,0.00237,0.01433
1691674614.534666776657104,0.00426,0.00021,0.00021,0.00628,0.00109,0.00185,0.01390
1691674614.568013906478882,0.00321,0.00021,0.00002,0.00667,0.00050,0.00198,0.01259
1691674614.601353168487549,0.00319,0.00029,0.00023,0.00658,0.00010,0.00217,0.01257
1691674614.634727239608765,0.00297,0.00021,0.00007,0.00611,0.00281,0.00246,0.01461
1691674614.668082952499390,0.00339,0.00023,0.00017,0.00611,0.00137,0.00191,0.01316
1691674614.701425790786743,0.00304,0.00023,0.00091,0.00634,0.00283,0.00197,0.01532
1691674614.734793424606323,0.01060,0.00067,0.00109,0.01959,0.00270,0.00279,0.03744
1691674614.768133163452148,0.00503,0.00021,0.00303,0.00691,0.00146,0.00200,0.01864
1691674614.801465511322021,0.00356,0.00021,0.00046,0.00666,0.00000,0.00170,0.01259
1691674614.834814310073853,0.00658,0.00025,0.00007,0.00649,0.00167,0.00189,0.01695
1691674614.868167161941528,0.00298,0.00020,0.00363,0.00575,0.00030,0.00171,0.01457
1691674614.901529312133789,0.00290,0.00021,0.00064,0.00585,0.00034,0.00184,0.01178
1691674614.934898376464844,0.00390,0.00018,0.00013,0.00599,0.00080,0.00179,0.01279
1691674614.968248605728149,0.00298,0.00023,0.00071,0.00543,0.00170,0.00201,0.01305
1691674615.001585006713867,0.01085,0.00075,0.00249,0.01589,0.00148,0.00294,0.03440
1691674615.034934520721436,0.00386,0.00028,0.00019,0.00640,0.00025,0.00185,0.01283
1691674615.068277359008789,0.00448,0.00022,0.00102,0.00528,0.00018,0.00173,0.01290
1691674615.101617813110352,0.01117,0.00051,0.00053,0.01389,0.00677,0.00276,0.03564
1691674615.134966373443604,0.00469,0.00026,0.00035,0.00657,0.00081,0.00192,0.01461
1691674615.168325424194336,0.00348,0.00025,0.00011,0.00605,0.00159,0.00168,0.01315
1691674615.201660633087158,0.00344,0.00019,0.00021,0.00571,0.00147,0.00185,0.01288
1691674615.235002040863037,0.00345,0.00021,0.00055,0.00603,0.00000,0.00189,0.01213
1691674615.268322467803955,0.00409,0.00021,0.00123,0.00588,0.00425,0.00176,0.01743
1691674615.301597833633423,0.00380,0.00020,0.00008,0.00711,0.00087,0.00157,0.01364
1691674615.334937095642090,0.00335,0.00024,0.00080,0.00672,0.00000,0.00184,0.01296
1691674615.368295192718506,0.00268,0.00023,0.00013,0.00668,0.00003,0.00193,0.01168
1691674615.401630401611328,0.00308,0.00022,0.00002,0.00703,0.00083,0.00158,0.01276
1691674615.434977293014526,0.00518,0.00026,0.00002,0.00710,0.00153,0.00211,0.01621
1691674615.468323707580566,0.00284,0.00022,0.00034,0.00718,0.00083,0.00199,0.01340
1691674615.501675367355347,0.00674,0.00022,0.00009,0.00697,0.00007,0.00186,0.01596
1691674615.535024166107178,0.00405,0.00019,0.00010,0.00827,0.00145,0.00186,0.01593
1691674615.568374633789062,0.00297,0.00022,0.00180,0.00670,0.00148,0.00174,0.01491
1691674615.601718902587891,0.00281,0.00020,0.00009,0.00728,0.00000,0.00189,0.01228
1691674615.635043859481812,0.00312,0.00027,0.00005,0.00721,0.00170,0.00180,0.01416
1691674615.668369531631470,0.00326,0.00021,0.00201,0.00710,0.00000,0.00183,0.01441
1691674615.701726675033569,0.00734,0.00024,0.00296,0.00660,0.00139,0.00178,0.02031
1691674615.735082626342773,0.00319,0.00019,0.00068,0.00618,0.00081,0.00176,0.01281
1691674615.768436431884766,0.00314,0.00021,0.00003,0.00634,0.00220,0.00193,0.01387
1691674615.801781892776489,0.00325,0.00023,0.00026,0.00672,0.00083,0.00157,0.01286
1691674615.835144281387329,0.01070,0.00076,0.00008,0.01492,0.00119,0.00205,0.02970
1691674615.868506193161011,0.00320,0.00021,0.00013,0.00694,0.00000,0.00181,0.01230
1691674615.901851415634155,0.00382,0.00023,0.00002,0.00707,0.00006,0.00166,0.01286
1691674615.935196876525879,0.00386,0.00027,0.00012,0.00621,0.00000,0.00183,0.01229
1691674615.968566179275513,0.00309,0.00020,0.00007,0.00535,0.00208,0.00161,0.01240
1691674616.001940965652466,0.00388,0.00022,0.00082,0.00579,0.00110,0.00181,0.01361
1691674616.035282135009766,0.00320,0.00021,0.00095,0.00605,0.00024,0.00175,0.01241
1691674616.068628787994385,0.00309,0.00018,0.00235,0.00577,0.00275,0.00209,0.01623
1691674616.101920127868652,0.00393,0.00023,0.00204,0.00647,0.00263,0.00180,0.01712
1691674616.135232925415039,0.00380,0.00019,0.00131,0.00584,0.00137,0.00182,0.01434
1691674616.168544769287109,0.00298,0.00021,0.00019,0.00607,0.00280,0.00196,0.01422
1691674616.201848506927490,0.00421,0.00026,0.00004,0.00762,0.00095,0.00189,0.01498
1691674616.235200881958008,0.00324,0.00025,0.00032,0.00728,0.00129,0.00188,0.01425
1691674616.268542051315308,0.01282,0.00052,0.00075,0.01487,0.00000,0.00313,0.03209
1691674616.301855564117432,0.00331,0.00030,0.00266,0.00629,0.00016,0.00198,0.01471
1691674616.335181713104248,0.00393,0.00022,0.00021,0.00581,0.00000,0.00177,0.01194
1691674616.368526935577393,0.00286,0.00022,0.00002,0.00515,0.00259,0.00162,0.01246
1691674616.401917934417725,0.00274,0.00021,0.00008,0.00528,0.00137,0.00193,0.01160
1691674616.435292482376099,0.00992,0.00066,0.00325,0.00996,0.00587,0.00223,0.03190
1691674616.468654394149780,0.00287,0.00022,0.00135,0.00522,0.00195,0.00190,0.01351
1691674616.501993894577026,0.00326,0.00022,0.00094,0.00682,0.00486,0.00180,0.01790
1691674616.535351037979126,0.00316,0.00023,0.00129,0.00719,0.00000,0.00182,0.01369
1691674616.568681716918945,0.00519,0.00037,0.00402,0.00704,0.00135,0.00167,0.01964
1691674616.602031946182251,0.00323,0.00023,0.00135,0.00546,0.00080,0.00169,0.01277
1691674616.635376691818237,0.00459,0.00021,0.00055,0.00559,0.00000,0.00169,0.01263
1691674616.668721675872803,0.00302,0.00020,0.00017,0.00566,0.00023,0.00219,0.01148
1691674616.702084302902222,0.00327,0.00022,0.00099,0.00604,0.00227,0.00174,0.01455
1691674616.735446214675903,0.00274,0.00021,0.00078,0.00538,0.00000,0.00168,0.01080
1691674616.768805027008057,0.00753,0.00023,0.00010,0.00525,0.00001,0.00178,0.01491
1691674616.802154302597046,0.00299,0.00020,0.00016,0.00502,0.00027,0.00205,0.01070
1691674616.835510015487671,0.00911,0.00034,0.00042,0.00794,0.00339,0.00243,0.02362
1691674616.868864536285400,0.00273,0.00020,0.00012,0.00491,0.00150,0.00166,0.01112
1691674616.902217626571655,0.00671,0.00022,0.00014,0.00550,0.00019,0.00164,0.01441
1691674616.935561180114746,0.00390,0.00020,0.00087,0.00516,0.00128,0.00180,0.01322
1691674616.968904018402100,0.00314,0.00021,0.00015,0.00522,0.00390,0.00171,0.01433
1691674617.002244234085083,0.00311,0.00022,0.00002,0.00644,0.00000,0.00168,0.01148
1691674617.035582542419434,0.00298,0.00021,0.00002,0.00573,0.00134,0.00161,0.01189
1691674617.068928718566895,0.00299,0.00021,0.00008,0.00561,0.00131,0.00202,0.01221
1691674617.102285146713257,0.00407,0.00021,0.00030,0.00624,0.00246,0.00204,0.01532
1691674617.135638236999512,0.00277,0.00020,0.00016,0.00563,0.00257,0.00187,0.01320
1691674617.168995618820190,0.00314,0.00022,0.00024,0.00531,0.00006,0.00240,0.01136
1691674617.202348709106445,0.00285,0.00020,0.00017,0.00446,0.00118,0.00241,0.01126
1691674617.235697269439697,0.00360,0.00027,0.00014,0.00476,0.00131,0.00185,0.01192
1691674617.269048213958740,0.00304,0.00029,0.00015,0.00454,0.00356,0.00188,0.01347
1691674617.302389621734619,0.00455,0.00020,0.00016,0.00529,0.00130,0.00176,0.01326
1691674617.335732221603394,0.00321,0.00023,0.00014,0.00553,0.00373,0.00158,0.01440
1691674617.369079589843750,0.00286,0.00019,0.00007,0.00567,0.00077,0.00185,0.01143
1691674617.402467489242554,0.00637,0.00026,0.00104,0.00574,0.00260,0.00151,0.01751
1691674617.435847043991089,0.00356,0.00020,0.00008,0.00575,0.00006,0.00158,0.01123
1691674617.469198942184448,0.00287,0.00020,0.00013,0.00526,0.00000,0.00191,0.01037
1691674617.502560853958130,0.00305,0.00019,0.00010,0.00533,0.00147,0.00154,0.01169
1691674617.535903453826904,0.00482,0.00030,0.00034,0.00780,0.00481,0.00170,0.01978
1691674617.569241762161255,0.00318,0.00020,0.00006,0.00619,0.00000,0.00166,0.01130
1691674617.602592229843140,0.00273,0.00019,0.00007,0.00592,0.00007,0.00196,0.01094
1691674617.635949134826660,0.00483,0.00019,0.00002,0.00593,0.00148,0.00183,0.01427
1691674617.669298887252808,0.00283,0.00021,0.00014,0.00603,0.00108,0.00196,0.01225
1691674617.702645778656006,0.00566,0.00032,0.00003,0.00889,0.00000,0.00193,0.01683
1691674617.735992908477783,0.00313,0.00019,0.00007,0.00595,0.00001,0.00183,0.01119
1691674617.769335269927979,0.00379,0.00024,0.00019,0.00519,0.00001,0.00197,0.01140
1691674617.802670717239380,0.00618,0.00036,0.00036,0.00762,0.00109,0.00212,0.01774
1691674617.836006164550781,0.00309,0.00023,0.00063,0.00540,0.00006,0.00168,0.01109
1691674617.869355678558350,0.00441,0.00020,0.00007,0.00535,0.00000,0.00174,0.01176
1691674617.902742147445679,0.00654,0.00021,0.00020,0.00457,0.00197,0.00187,0.01536
1691674617.936106443405151,0.00856,0.00046,0.00014,0.00907,0.00545,0.00241,0.02610
1691674617.969466209411621,0.00293,0.00020,0.00015,0.00526,0.00029,0.00164,0.01047
1691674618.002828598022461,0.00304,0.00020,0.00010,0.00603,0.00000,0.00187,0.01125
1691674618.036171913146973,0.00302,0.00023,0.00004,0.00576,0.00000,0.00188,0.01092
1691674618.069534778594971,0.00282,0.00022,0.00002,0.00569,0.00793,0.00183,0.01850
1691674618.102907419204712,0.00651,0.00037,0.00028,0.00728,0.00023,0.00187,0.01654
1691674618.136270046234131,0.00568,0.00029,0.00006,0.00844,0.00401,0.00188,0.02037
1691674618.169621944427490,0.00295,0.00021,0.00130,0.00682,0.00000,0.00194,0.01322
1691674618.202967405319214,0.00351,0.00024,0.00268,0.00598,0.00029,0.00165,0.01435
1691674618.236318111419678,0.00385,0.00021,0.00055,0.00566,0.00170,0.00175,0.01372
1691674618.269672393798828,0.00462,0.00033,0.00028,0.00802,0.00157,0.00297,0.01779
1691674618.303023338317871,0.00367,0.00021,0.00017,0.00451,0.00022,0.00199,0.01077
1691674618.336360216140747,0.00312,0.00020,0.00025,0.00427,0.00051,0.00167,0.01001
1691674618.369709491729736,0.00288,0.00021,0.00012,0.00507,0.00148,0.00178,0.01154
1691674618.403049945831299,0.00315,0.00023,0.00014,0.00566,0.00027,0.00221,0.01165
1691674618.436396837234497,0.00327,0.00019,0.00007,0.00580,0.00013,0.00189,0.01135
1691674618.469746351242065,0.00304,0.00023,0.00002,0.00536,0.00099,0.00201,0.01165
1691674618.503091096878052,0.00316,0.00020,0.00011,0.00517,0.00000,0.00201,0.01067
1691674618.536450624465942,0.00279,0.00018,0.00012,0.00480,0.00145,0.00182,0.01117
1691674618.569808959960938,0.00548,0.00021,0.00002,0.00462,0.00075,0.00175,0.01282
1691674618.603171825408936,0.00361,0.00026,0.00040,0.00440,0.00170,0.00162,0.01201
1691674618.636530637741089,0.00285,0.00026,0.00023,0.00439,0.00352,0.00166,0.01291
1691674618.669878005981445,0.00277,0.00019,0.00006,0.00477,0.00035,0.00260,0.01075
1691674618.703235149383545,0.00306,0.00020,0.00038,0.00497,0.00000,0.00180,0.01041
1691674618.736584424972534,0.00317,0.00018,0.00011,0.00444,0.00018,0.00213,0.01022
1691674618.769934892654419,0.00390,0.00020,0.00003,0.00460,0.00006,0.00186,0.01066
1691674618.803295373916626,0.00319,0.00020,0.00076,0.00446,0.00264,0.00183,0.01308
1691674618.836678504943848,0.00300,0.00020,0.00074,0.00477,0.00008,0.00185,0.01064
1691674618.870060682296753,0.00275,0.00020,0.00012,0.00458,0.00083,0.00173,0.01021
1691674618.903420925140381,0.00280,0.00020,0.00052,0.00451,0.00024,0.00253,0.01079
1691674618.936787128448486,0.00312,0.00021,0.00002,0.00421,0.00029,0.00187,0.00973
1691674618.970143079757690,0.00284,0.00018,0.00015,0.00393,0.00381,0.00179,0.01271
1691674619.003496408462524,0.00296,0.00020,0.00014,0.00496,0.00254,0.00160,0.01241
1691674619.036855459213257,0.00301,0.00024,0.00002,0.00579,0.00290,0.00169,0.01365
1691674619.070198059082031,0.00288,0.00020,0.00012,0.00666,0.00285,0.00176,0.01448
1691674619.103555440902710,0.00346,0.00021,0.00008,0.00680,0.00023,0.00184,0.01263
1691674619.136934995651245,0.00916,0.00065,0.00770,0.01186,0.00209,0.00238,0.03385
1691674619.170292615890503,0.00441,0.00021,0.00044,0.00491,0.00012,0.00191,0.01200
1691674619.203659534454346,0.00345,0.00020,0.00106,0.00563,0.00037,0.00185,0.01256
1691674619.237028121948242,0.00426,0.00024,0.00046,0.00471,0.00144,0.00192,0.01303
1691674619.270382881164551,0.00340,0.00023,0.00022,0.00445,0.00073,0.00198,0.01101
1691674619.303748607635498,0.00303,0.00024,0.00013,0.00450,0.00533,0.00175,0.01498
1691674619.337123632431030,0.00327,0.00020,0.00061,0.00438,0.00796,0.00163,0.01807
1691674619.370496749877930,0.00317,0.00020,0.00016,0.00585,0.00020,0.00203,0.01162
1691674619.403880357742310,0.00354,0.00034,0.00025,0.00807,0.00271,0.00214,0.01705
1691674619.437299489974976,0.00338,0.00022,0.00009,0.00616,0.00134,0.00175,0.01294
1691674619.470737218856812,0.00325,0.00020,0.00048,0.00550,0.00087,0.00183,0.01212
1691674619.504148960113525,0.00348,0.00020,0.00003,0.00508,0.00000,0.00207,0.01087
1691674619.537527322769165,0.00536,0.00020,0.00111,0.00644,0.00867,0.00275,0.02453
1691674619.570866107940674,0.00346,0.00020,0.00014,0.00626,0.00010,0.00163,0.01179
1691674619.604222059249878,0.00284,0.00020,0.00013,0.00674,0.00016,0.00360,0.01367
1691674619.637584447860718,0.00952,0.00059,0.00033,0.01198,0.00041,0.00234,0.02517
1691674619.670940876007080,0.00298,0.00020,0.00002,0.00656,0.00194,0.00194,0.01363
1691674619.704292774200439,0.00338,0.00022,0.00002,0.00746,0.00111,0.00221,0.01440
1691674619.737634420394897,0.00554,0.00022,0.00058,0.00642,0.00109,0.00189,0.01575
1691674619.770979881286621,0.00339,0.00020,0.00014,0.00634,0.00000,0.00200,0.01207
1691674619.804320812225342,0.00318,0.00023,0.00050,0.00562,0.00240,0.00160,0.01353
1691674619.837670564651489,0.00296,0.00022,0.00010,0.00594,0.00109,0.00191,0.01221
1691674619.871029615402222,0.00334,0.00020,0.00031,0.00510,0.00038,0.00201,0.01134
1691674619.904439449310303,0.00638,0.00020,0.00011,0.00553,0.00127,0.00203,0.01554
1691674619.937815904617310,0.00344,0.00023,0.00020,0.00574,0.00393,0.00192,0.01546
1691674619.971180915832520,0.00329,0.00019,0.00011,0.00597,0.00024,0.00171,0.01152
1691674620.004577159881592,0.00415,0.00020,0.00022,0.00625,0.00542,0.00162,0.01786
1691674620.037938356399536,0.00331,0.00020,0.00048,0.00737,0.00083,0.00169,0.01389
1691674620.071320772171021,0.00390,0.00022,0.00076,0.00725,0.00217,0.00182,0.01613
1691674620.104731559753418,0.00327,0.00021,0.00023,0.00682,0.00005,0.00182,0.01241
1691674620.138134241104126,0.00675,0.00021,0.00015,0.00655,0.00015,0.00182,0.01561
1691674620.171513319015503,0.00315,0.00020,0.00030,0.00582,0.00002,0.00188,0.01136
1691674620.204871177673340,0.00428,0.00023,0.00032,0.00584,0.00021,0.00174,0.01261
1691674620.238226175308228,0.00324,0.00021,0.00024,0.00485,0.00056,0.00187,0.01097
1691674620.271579504013062,0.00311,0.00022,0.00023,0.00497,0.00042,0.00204,0.01099
1691674620.304939270019531,0.00363,0.00021,0.00022,0.00556,0.00283,0.00275,0.01520
1691674620.338289260864258,0.01054,0.00062,0.00077,0.01200,0.00057,0.00322,0.02772
1691674620.371646165847778,0.00383,0.00026,0.00047,0.00499,0.00188,0.00184,0.01327
1691674620.405015945434570,0.00333,0.00020,0.00011,0.00493,0.00054,0.00225,0.01137
1691674620.438382625579834,0.00623,0.00034,0.00033,0.00771,0.00184,0.00247,0.01892
1691674620.471730947494507,0.00304,0.00020,0.00027,0.00487,0.00016,0.00167,0.01021
1691674620.505080938339233,0.00312,0.00020,0.00080,0.00532,0.00250,0.00223,0.01417
1691674620.538425207138062,0.00301,0.00020,0.00008,0.00508,0.00171,0.00221,0.01228
1691674620.571778297424316,0.00577,0.00021,0.00120,0.00477,0.00267,0.00181,0.01643
1691674620.605139493942261,0.00292,0.00024,0.00021,0.00520,0.00047,0.00197,0.01101
1691674620.638506412506104,0.00487,0.00025,0.00119,0.00742,0.00141,0.00241,0.01756
1691674620.671879768371582,0.00442,0.00020,0.00011,0.00567,0.00417,0.00186,0.01643
1691674620.705251932144165,0.00385,0.00021,0.00012,0.00594,0.00034,0.00204,0.01250
1691674620.738631725311279,0.00343,0.00020,0.00048,0.00595,0.00276,0.00200,0.01482
1691674620.771996498107910,0.00302,0.00022,0.00039,0.00692,0.00000,0.00186,0.01241
1691674620.805398225784302,0.00341,0.00020,0.00101,0.00657,0.00225,0.00211,0.01554
1691674620.838838100433350,0.00359,0.00021,0.00055,0.00705,0.00146,0.00196,0.01482
1691674620.872206211090088,0.00306,0.00021,0.00280,0.00691,0.00274,0.00179,0.01751
1691674620.905578851699829,0.00444,0.00020,0.00002,0.00840,0.00034,0.00178,0.01519
1691674620.938982963562012,0.00337,0.00022,0.00274,0.00654,0.00148,0.00166,0.01601
1691674620.972344398498535,0.00265,0.00020,0.00003,0.00677,0.00000,0.00179,0.01144
1691674621.005702257156372,0.00333,0.00024,0.00010,0.00627,0.00129,0.00170,0.01293
1691674621.039063215255737,0.00321,0.00022,0.00004,0.00661,0.00265,0.00196,0.01469
1691674621.072418689727783,0.00309,0.00022,0.00018,0.00783,0.00227,0.00164,0.01524
1691674621.105783462524414,0.00344,0.00020,0.00133,0.00726,0.00319,0.00183,0.01725
1691674621.139135599136353,0.00305,0.00021,0.00064,0.00834,0.00000,0.00195,0.01419
1691674621.172484159469604,0.00558,0.00044,0.00127,0.00801,0.00000,0.00183,0.01714
1691674621.205837249755859,0.00325,0.00022,0.00171,0.00812,0.00006,0.00192,0.01529
1691674621.239190101623535,0.00368,0.00022,0.00193,0.00728,0.00007,0.00186,0.01505
1691674621.272554397583008,0.00876,0.00040,0.00007,0.01012,0.00006,0.00160,0.02101
1691674621.305908203125000,0.00315,0.00021,0.00004,0.00726,0.00006,0.00161,0.01233
1691674621.339255809783936,0.00283,0.00021,0.00003,0.00718,0.00090,0.00167,0.01283
1691674621.372601747512817,0.00632,0.00019,0.00013,0.00682,0.00140,0.00177,0.01664
1691674621.405966520309448,0.00410,0.00026,0.00072,0.00511,0.00001,0.00169,0.01190
1691674621.439334154129028,0.00332,0.00026,0.00055,0.00385,0.00001,0.00163,0.00963
1691674621.472682714462280,0.00355,0.00017,0.00020,0.00384,0.00211,0.00174,0.01162
1691674621.506032466888428,0.00313,0.00019,0.00003,0.00440,0.00146,0.00177,0.01099
1691674621.539386749267578,0.00373,0.00023,0.00012,0.00415,0.00000,0.00170,0.00993
1691674621.572761774063110,0.00299,0.00019,0.00002,0.00403,0.00000,0.00163,0.00887
1691674621.606132268905640,0.00261,0.00017,0.00077,0.00407,0.00338,0.00165,0.01265
1691674621.639497041702271,0.00293,0.00021,0.00002,0.00485,0.00006,0.00186,0.00994
1691674621.672866344451904,0.00258,0.00018,0.00009,0.00475,0.00521,0.00188,0.01469
1691674621.706218481063843,0.00267,0.00021,0.00002,0.00615,0.00221,0.00167,0.01294
1691674621.739566326141357,0.00957,0.00076,0.00058,0.01051,0.00036,0.00292,0.02469
1691674621.772915363311768,0.00401,0.00025,0.00085,0.00667,0.00138,0.00168,0.01484
1691674621.806270599365234,0.00297,0.00022,0.00046,0.00669,0.00000,0.00159,0.01193
1691674621.839643478393555,0.00293,0.00021,0.00057,0.00566,0.00129,0.00171,0.01238
1691674621.873006105422974,0.00945,0.00057,0.00018,0.01291,0.00213,0.00234,0.02758
1691674621.906368494033813,0.00296,0.00022,0.00024,0.00527,0.00021,0.00163,0.01053
1691674621.939719676971436,0.00285,0.00022,0.00017,0.00482,0.00023,0.00162,0.00991
1691674621.973069906234741,0.00640,0.00021,0.00025,0.00434,0.00000,0.00184,0.01304
1691674622.006427288055420,0.00276,0.00019,0.00011,0.00396,0.00085,0.00147,0.00933
1691674622.039788007736206,0.00336,0.00019,0.00027,0.00357,0.00018,0.00192,0.00949
1691674622.073144197463989,0.00969,0.00067,0.00027,0.00623,0.00017,0.00281,0.01985
1691674622.106525421142578,0.00463,0.00019,0.00010,0.00351,0.00016,0.00207,0.01066
1691674622.139926195144653,0.00286,0.00018,0.00019,0.00271,0.00139,0.00202,0.00935
1691674622.173266410827637,0.00260,0.00019,0.00019,0.00279,0.00025,0.00154,0.00755
1691674622.206697463989258,0.00308,0.00020,0.00017,0.00293,0.00016,0.00202,0.00857
1691674622.240172863006592,0.00309,0.00029,0.00010,0.00270,0.00001,0.00164,0.00784
1691674622.273578882217407,0.00291,0.00019,0.00008,0.00234,0.00024,0.00198,0.00775
1691674622.306931734085083,0.00287,0.00019,0.00013,0.00263,0.00019,0.00157,0.00758
1691674622.340304374694824,0.00258,0.00017,0.00014,0.00234,0.00198,0.00165,0.00886
1691674622.373667240142822,0.00382,0.00019,0.00045,0.00195,0.00216,0.00157,0.01014
1691674622.407036304473877,0.00261,0.00016,0.00101,0.00239,0.00323,0.00187,0.01128
1691674622.440400362014771,0.00345,0.00018,0.00020,0.00288,0.00075,0.00176,0.00922
1691674622.473756551742554,0.00270,0.00020,0.00013,0.00309,0.00015,0.00178,0.00805
1691674622.507109880447388,0.00254,0.00017,0.00017,0.00297,0.00104,0.00206,0.00896
1691674622.540466070175171,0.00307,0.00020,0.00007,0.00257,0.00225,0.00177,0.00993
1691674622.573821783065796,0.00299,0.00019,0.00019,0.00260,0.00038,0.00167,0.00801
1691674622.607172489166260,0.00293,0.00021,0.00026,0.00265,0.00116,0.00185,0.00906
1691674622.640535593032837,0.00356,0.00017,0.00018,0.00255,0.00065,0.00188,0.00899
1691674622.673903942108154,0.00260,0.00017,0.00010,0.00289,0.00358,0.00236,0.01171
1691674622.707264661788940,0.00305,0.00018,0.00003,0.00271,0.00006,0.00249,0.00853
1691674622.740639686584473,0.00302,0.00024,0.00016,0.00260,0.00460,0.00169,0.01231
1691674622.773977518081665,0.00298,0.00019,0.00024,0.00252,0.00078,0.00189,0.00860
1691674622.807325839996338,0.00281,0.00018,0.00023,0.00263,0.00006,0.00157,0.00749
1691674622.840697526931763,0.00283,0.00022,0.00162,0.00225,0.00114,0.00171,0.00977
1691674622.874084711074829,0.00676,0.00017,0.00071,0.00221,0.00118,0.00165,0.01268
1691674622.907503366470337,0.00288,0.00017,0.00009,0.00250,0.00208,0.00194,0.00965
1691674622.940899372100830,0.00470,0.00020,0.00020,0.00289,0.00060,0.00167,0.01028
1691674622.974265813827515,0.00263,0.00018,0.00031,0.00240,0.00179,0.00159,0.00890
1691674623.007654666900635,0.00399,0.00019,0.00014,0.00278,0.00190,0.00181,0.01081
1691674623.041023731231689,0.00505,0.00029,0.00021,0.00445,0.00048,0.00203,0.01251
1691674623.074371099472046,0.00286,0.00018,0.00003,0.00302,0.00006,0.00193,0.00808
1691674623.107737779617310,0.00303,0.00018,0.00007,0.00306,0.00128,0.00183,0.00944
1691674623.141102075576782,0.00304,0.00019,0.00008,0.00301,0.00306,0.00194,0.01132
1691674623.174450397491455,0.00304,0.00021,0.00003,0.00338,0.00006,0.00183,0.00856
1691674623.207808971405029,0.00264,0.00018,0.00002,0.00328,0.00006,0.00158,0.00776
1691674623.241158962249756,0.00682,0.00026,0.00003,0.00371,0.00009,0.00192,0.01283
1691674623.274509668350220,0.00268,0.00020,0.00062,0.00321,0.00167,0.00166,0.01005
1691674623.307861328125000,0.00490,0.00021,0.00008,0.00346,0.00141,0.00199,0.01205
1691674623.341213941574097,0.00476,0.00030,0.00010,0.00517,0.00187,0.00189,0.01409
1691674623.374570131301880,0.00400,0.00019,0.00096,0.00308,0.00101,0.00182,0.01107
1691674623.407923460006714,0.00321,0.00019,0.00022,0.00327,0.00215,0.00167,0.01072
1691674623.441273450851440,0.00347,0.00019,0.00016,0.00333,0.00005,0.00164,0.00885
1691674623.474633932113647,0.00411,0.00020,0.00047,0.00323,0.00005,0.00209,0.01014
1691674623.507996320724487,0.00349,0.00020,0.00017,0.00299,0.00010,0.00172,0.00867
1691674623.541351795196533,0.00541,0.00018,0.00028,0.00272,0.00176,0.00187,0.01222
1691674623.574740886688232,0.00330,0.00018,0.00054,0.00301,0.00063,0.00166,0.00932
1691674623.608132600784302,0.00317,0.00019,0.00065,0.00313,0.00065,0.00181,0.00961
1691674623.641484260559082,0.00928,0.00060,0.00102,0.00884,0.00020,0.00373,0.02367
1691674623.674833297729492,0.00325,0.00020,0.00024,0.00307,0.00023,0.00190,0.00890
1691674623.708193063735962,0.00287,0.00019,0.00036,0.00243,0.00104,0.00186,0.00874
1691674623.741551876068115,0.00305,0.00019,0.00010,0.00303,0.00000,0.00204,0.00842
1691674623.774922370910645,0.00325,0.00017,0.00034,0.00250,0.00456,0.00198,0.01280
1691674623.808274984359741,0.00349,0.00021,0.00028,0.00334,0.00029,0.00172,0.00935
1691674623.841636896133423,0.00332,0.00017,0.00002,0.00314,0.00254,0.00174,0.01093
1691674623.874994516372681,0.00338,0.00019,0.00003,0.00330,0.00239,0.00203,0.01133
1691674623.908346652984619,0.00346,0.00020,0.00092,0.00346,0.00189,0.00182,0.01176
1691674623.941696643829346,0.00345,0.00020,0.00010,0.00386,0.00012,0.00197,0.00971
1691674623.975048065185547,0.00329,0.00018,0.00058,0.00321,0.00466,0.00171,0.01363
1691674624.008400201797485,0.00314,0.00019,0.00016,0.00368,0.00001,0.00161,0.00880
1691674624.041749477386475,0.00321,0.00019,0.00055,0.00361,0.00133,0.00174,0.01065
1691674624.075098037719727,0.00612,0.00017,0.00065,0.00373,0.00090,0.00200,0.01357
1691674624.108453750610352,0.00337,0.00020,0.00085,0.00348,0.00037,0.00224,0.01052
1691674624.141801595687866,0.00340,0.00042,0.00026,0.00346,0.00032,0.00205,0.00992
1691674624.175152301788330,0.00492,0.00019,0.00057,0.00292,0.00038,0.00188,0.01087
1691674624.208509445190430,0.00382,0.00026,0.00010,0.00287,0.00028,0.00206,0.00939
1691674624.241866827011108,0.00293,0.00018,0.00006,0.00267,0.00142,0.00174,0.00901
1691674624.275213956832886,0.00302,0.00019,0.00013,0.00252,0.00018,0.00199,0.00804
1691674624.308570861816406,0.00312,0.00020,0.00010,0.00198,0.00232,0.00174,0.00945
1691674624.341937780380249,0.00429,0.00018,0.00090,0.00198,0.00226,0.00184,0.01145
1691674624.375314712524414,0.00337,0.00018,0.00065,0.00210,0.00022,0.00173,0.00826
1691674624.408694744110107,0.00351,0.00024,0.00017,0.00216,0.00223,0.00177,0.01007
1691674624.442068338394165,0.00295,0.00017,0.00011,0.00201,0.00014,0.00196,0.00735
1691674624.475433111190796,0.01032,0.00056,0.00053,0.00567,0.00492,0.00520,0.02719
1691674624.508789539337158,0.00488,0.00028,0.00009,0.00203,0.00031,0.00207,0.00968
1691674624.542137861251831,0.00375,0.00019,0.00023,0.00202,0.00111,0.00175,0.00905
1691674624.575486898422241,0.00314,0.00018,0.00002,0.00218,0.00019,0.00189,0.00760
1691674624.608840942382812,0.00724,0.00018,0.00007,0.00175,0.00180,0.00188,0.01292
1691674624.642184495925903,0.00315,0.00017,0.00005,0.00192,0.00195,0.00193,0.00917
1691674624.675534963607788,0.00327,0.00018,0.00003,0.00230,0.00077,0.00218,0.00873
1691674624.708888053894043,0.00344,0.00018,0.00067,0.00237,0.00350,0.00170,0.01187
1691674624.742239952087402,0.00390,0.00018,0.00007,0.00305,0.00067,0.00191,0.00978
1691674624.775594949722290,0.00300,0.00017,0.00028,0.00283,0.00170,0.00187,0.00986
1691674624.808945894241333,0.01221,0.00065,0.00160,0.00775,0.00244,0.00302,0.02767
1691674624.842297554016113,0.00335,0.00020,0.00003,0.00273,0.00026,0.00167,0.00824
1691674624.875650405883789,0.00352,0.00017,0.00010,0.00246,0.00213,0.00174,0.01012
1691674624.908998727798462,0.00699,0.00025,0.00040,0.00274,0.00055,0.00186,0.01280
1691674624.942347049713135,0.00357,0.00018,0.00011,0.00262,0.00229,0.00180,0.01056
1691674624.975697755813599,0.00336,0.00017,0.00021,0.00287,0.00324,0.00200,0.01187
1691674625.009047985076904,0.00323,0.00021,0.00084,0.00341,0.00021,0.00181,0.00971
1691674625.042406558990479,0.00298,0.00018,0.00024,0.00282,0.00024,0.00186,0.00831
1691674625.075755119323730,0.00316,0.00017,0.00061,0.00264,0.00016,0.00209,0.00882
1691674625.109104156494141,0.00339,0.00018,0.00023,0.00225,0.00010,0.00173,0.00788
1691674625.142467260360718,0.01158,0.00060,0.00161,0.00478,0.00424,0.00289,0.02570
1691674625.175828933715820,0.00442,0.00019,0.00020,0.00270,0.00030,0.00181,0.00963
1691674625.209180593490601,0.00318,0.00018,0.00005,0.00263,0.00009,0.00199,0.00812
1691674625.242532968521118,0.00312,0.00021,0.00067,0.00222,0.00038,0.00211,0.00871
1691674625.275886535644531,0.00931,0.00030,0.00045,0.00434,0.00455,0.00253,0.02148
1691674625.309236526489258,0.00460,0.00018,0.00044,0.00300,0.00020,0.00232,0.01073
1691674625.342583894729614,0.00395,0.00018,0.00008,0.00296,0.00033,0.00201,0.00950
1691674625.375931501388550,0.00409,0.00017,0.00008,0.00250,0.00108,0.00183,0.00976
1691674625.409280300140381,0.00721,0.00035,0.00069,0.00477,0.00000,0.00283,0.01585
1691674625.442633628845215,0.00641,0.00019,0.00056,0.00255,0.00027,0.00205,0.01204
1691674625.475985050201416,0.00887,0.00039,0.00016,0.00435,0.00033,0.00368,0.01778
1691674625.509336709976196,0.00394,0.00019,0.00032,0.00182,0.00228,0.00183,0.01040
1691674625.542685508728027,0.00619,0.00017,0.00009,0.00221,0.00031,0.00217,0.01113
1691674625.576030731201172,0.00613,0.00016,0.00137,0.00191,0.00025,0.00186,0.01168
1691674625.609375953674316,0.00633,0.00016,0.00024,0.00164,0.00133,0.00209,0.01179
1691674625.642719984054565,0.00430,0.00016,0.00060,0.00149,0.00089,0.00224,0.00967
1691674625.676069498062134,0.00898,0.00040,0.00020,0.00381,0.01205,0.00334,0.02878
1691674625.709419727325439,0.00536,0.00022,0.00018,0.00325,0.00259,0.00217,0.01377
1691674625.742767095565796,0.00331,0.00019,0.00011,0.00257,0.00231,0.00181,0.01031
1691674625.776118040084839,0.00327,0.00021,0.00014,0.00255,0.00222,0.00177,0.01016
1691674625.809469223022461,0.01196,0.00058,0.00026,0.00758,0.00339,0.00261,0.02637
1691674625.842824697494507,0.00414,0.00023,0.00151,0.00318,0.00179,0.00216,0.01301
1691674625.876176834106445,0.00446,0.00017,0.00014,0.00309,0.00309,0.00183,0.01278
1691674625.909540653228760,0.00323,0.00021,0.00032,0.00324,0.00005,0.00171,0.00876
1691674625.942910909652710,0.00830,0.00029,0.00046,0.00555,0.00226,0.00243,0.01929
1691674625.976271867752075,0.00315,0.00018,0.00035,0.00333,0.00090,0.00179,0.00971
1691674626.009626150131226,0.01087,0.00053,0.00086,0.00658,0.00059,0.00261,0.02204
1691674626.042984962463379,0.00357,0.00017,0.00022,0.00317,0.00296,0.00194,0.01203
1691674626.076343059539795,0.00621,0.00019,0.00054,0.00315,0.00565,0.00187,0.01762
1691674626.109693288803101,0.00326,0.00020,0.00057,0.00342,0.00152,0.00179,0.01076
1691674626.143047332763672,0.00716,0.00022,0.00058,0.00309,0.00152,0.00190,0.01446
1691674626.176398038864136,0.00359,0.00019,0.00022,0.00338,0.00126,0.00186,0.01052
1691674626.209755420684814,0.00354,0.00022,0.00092,0.00345,0.00362,0.00190,0.01367
1691674626.243105411529541,0.00540,0.00022,0.00046,0.00367,0.00120,0.00209,0.01305
1691674626.276453733444214,0.00344,0.00019,0.00036,0.00363,0.00022,0.00190,0.00975
1691674626.309803485870361,0.00320,0.00020,0.00002,0.00375,0.00092,0.00173,0.00982
1691674626.343152761459351,0.00338,0.00019,0.00052,0.00367,0.00020,0.00193,0.00988
1691674626.376510381698608,0.00366,0.00020,0.00002,0.00411,0.00070,0.00182,0.01052
1691674626.409863710403442,0.00335,0.00020,0.00038,0.00318,0.00397,0.00205,0.01314
1691674626.443234443664551,0.00355,0.00017,0.00011,0.00357,0.00266,0.00188,0.01194
1691674626.476600170135498,0.00356,0.00020,0.00020,0.00329,0.00073,0.00174,0.00971
1691674626.509944915771484,0.00289,0.00017,0.00043,0.00336,0.00164,0.00178,0.01028
1691674626.543296813964844,0.00630,0.00019,0.00007,0.00353,0.00453,0.00187,0.01649
1691674626.576635599136353,0.00413,0.00031,0.00036,0.00615,0.00172,0.00259,0.01527
1691674626.609965562820435,0.00364,0.00020,0.00041,0.00403,0.00074,0.00176,0.01079
1691674626.643316984176636,0.00575,0.00029,0.00065,0.00413,0.00075,0.00213,0.01370
1691674626.676664829254150,0.00394,0.00018,0.00008,0.00405,0.00081,0.00176,0.01082
1691674626.710014581680298,0.00297,0.00019,0.00010,0.00438,0.00125,0.00195,0.01084
1691674626.743368625640869,0.00398,0.00022,0.00052,0.00426,0.00052,0.00239,0.01189
1691674626.776712179183960,0.00398,0.00021,0.00046,0.00401,0.00385,0.00218,0.01469
1691674626.810055732727051,0.00321,0.00019,0.00013,0.00501,0.00355,0.00182,0.01392
1691674626.843404769897461,0.00334,0.00020,0.00021,0.00539,0.00297,0.00172,0.01384
1691674626.876749277114868,0.00349,0.00021,0.00022,0.00502,0.00008,0.00209,0.01111
1691674626.910093784332275,0.00397,0.00046,0.00096,0.00802,0.00012,0.00183,0.01536
1691674626.943440437316895,0.00433,0.00026,0.00032,0.00496,0.00234,0.00180,0.01402
1691674626.976786851882935,0.00350,0.00019,0.00010,0.00588,0.00056,0.00206,0.01229
1691674627.010133981704712,0.00334,0.00024,0.00023,0.00479,0.00100,0.00170,0.01130
1691674627.043479919433594,0.00356,0.00021,0.00014,0.00477,0.00207,0.00178,0.01253
1691674627.076826810836792,0.00366,0.00023,0.00059,0.00509,0.00035,0.00210,0.01202
1691674627.110176324844360,0.00277,0.00020,0.00022,0.00872,0.00028,0.00183,0.01402
1691674627.143523216247559,0.00304,0.00020,0.00016,0.00489,0.00170,0.00198,0.01197
1691674627.176872968673706,0.00327,0.00019,0.00029,0.00480,0.00131,0.00209,0.01195
1691674627.210221052169800,0.00314,0.00021,0.00003,0.00530,0.00406,0.00185,0.01460
1691674627.243563890457153,0.00452,0.00021,0.00016,0.00535,0.00292,0.00171,0.01488
1691674627.276906728744507,0.00432,0.00021,0.00054,0.00547,0.00013,0.00232,0.01298
1691674627.310253381729126,0.00471,0.00025,0.00017,0.00550,0.00030,0.00185,0.01278
1691674627.343597173690796,0.00357,0.00023,0.00004,0.00564,0.00154,0.00174,0.01277
1691674627.376943111419678,0.00344,0.00021,0.00021,0.00585,0.00015,0.00181,0.01166
1691674627.410287857055664,0.00453,0.00036,0.00038,0.00572,0.00000,0.00236,0.01334
1691674627.443631172180176,0.00301,0.00020,0.00030,0.00565,0.00157,0.00174,0.01247
1691674627.476975917816162,0.00300,0.00021,0.00018,0.00533,0.00020,0.00178,0.01070
1691674627.510325908660889,0.00348,0.00020,0.00041,0.00600,0.00042,0.00234,0.01286
1691674627.543675422668457,0.00331,0.00023,0.00010,0.00510,0.00026,0.00205,0.01105
1691674627.577026128768921,0.00307,0.00021,0.00043,0.00475,0.00005,0.00185,0.01035
1691674627.610373735427856,0.00316,0.00019,0.00012,0.00486,0.00756,0.00183,0.01773
1691674627.643722295761108,0.00297,0.00020,0.00017,0.00526,0.00156,0.00197,0.01214
1691674627.677069425582886,0.00333,0.00021,0.00069,0.00529,0.00156,0.00191,0.01298
1691674627.710418462753296,0.00362,0.00030,0.00040,0.00574,0.00302,0.00183,0.01491
1691674627.743764400482178,0.00475,0.00024,0.00038,0.00526,0.00000,0.00164,0.01227
1691674627.777112245559692,0.00398,0.00022,0.00007,0.00498,0.00154,0.00171,0.01250
1691674627.810459136962891,0.01195,0.00064,0.00006,0.01234,0.00000,0.00317,0.02816
1691674627.843807697296143,0.00393,0.00019,0.00007,0.00535,0.00158,0.00186,0.01298
1691674627.877153873443604,0.00315,0.00021,0.00007,0.00551,0.00086,0.00187,0.01166
1691674627.910501241683960,0.00985,0.00061,0.00052,0.01899,0.00083,0.00388,0.03468
1691674627.943846225738525,0.00459,0.00031,0.00055,0.00620,0.00095,0.00203,0.01463
1691674627.977195739746094,0.00319,0.00020,0.00006,0.00402,0.00323,0.00180,0.01250
1691674628.010528087615967,0.00425,0.00026,0.00015,0.00495,0.00034,0.00207,0.01202
1691674628.043872356414795,0.00321,0.00021,0.00012,0.00438,0.00126,0.00183,0.01101
1691674628.077218055725098,0.00310,0.00019,0.00072,0.00408,0.00118,0.00195,0.01121
1691674628.110563516616821,0.00422,0.00019,0.00003,0.00444,0.00149,0.00177,0.01214
1691674628.143908739089966,0.00411,0.00023,0.00051,0.00443,0.00123,0.00183,0.01233
1691674628.177254438400269,0.00305,0.00021,0.00013,0.00436,0.00155,0.00203,0.01134
1691674628.210600137710571,0.00329,0.00019,0.00051,0.00479,0.00000,0.00171,0.01050
1691674628.243947029113770,0.00324,0.00021,0.00003,0.00484,0.00213,0.00178,0.01223
1691674628.277292966842651,0.00289,0.00024,0.00015,0.00510,0.00008,0.00171,0.01017
1691674628.310640573501587,0.00400,0.00023,0.00037,0.00514,0.00337,0.00184,0.01495
1691674628.343985795974731,0.00308,0.00021,0.00014,0.00516,0.00178,0.00255,0.01292
1691674628.377332687377930,0.00440,0.00019,0.00012,0.00512,0.00059,0.00242,0.01284
1691674628.410678863525391,0.00268,0.00018,0.00003,0.00562,0.00075,0.00264,0.01192
1691674628.444026470184326,0.00307,0.00019,0.00011,0.00538,0.00000,0.00172,0.01048
1691674628.477374553680420,0.00304,0.00019,0.00007,0.00510,0.00123,0.00256,0.01219
1691674628.510722160339355,0.00331,0.00019,0.00019,0.00524,0.00224,0.00171,0.01289
1691674628.544069290161133,0.00962,0.00097,0.00026,0.01707,0.00000,0.00276,0.03068
1691674628.577416658401489,0.00408,0.00022,0.00002,0.00690,0.00025,0.00163,0.01310
1691674628.610763549804688,0.00345,0.00020,0.00037,0.00566,0.00144,0.00177,0.01290
1691674628.644109010696411,0.00288,0.00020,0.00002,0.00556,0.00221,0.00183,0.01271
1691674628.677454710006714,0.00314,0.00021,0.00011,0.00605,0.00144,0.00193,0.01288
1691674628.710802793502808,0.00332,0.00029,0.00061,0.00593,0.00096,0.00199,0.01311
1691674628.744147062301636,0.00685,0.00025,0.00009,0.00606,0.00038,0.00182,0.01544
1691674628.777488231658936,0.00332,0.00030,0.00045,0.00775,0.00223,0.00232,0.01637
1691674628.810831069946289,0.00329,0.00024,0.00028,0.00738,0.00000,0.00177,0.01296
1691674628.844178915023804,0.00311,0.00022,0.00010,0.00568,0.00001,0.00187,0.01100
1691674628.877521514892578,0.00327,0.00020,0.00062,0.00535,0.00000,0.00246,0.01190
1691674628.910869598388672,0.00324,0.00032,0.00016,0.00523,0.00026,0.00175,0.01096
1691674628.944217205047607,0.00303,0.00022,0.00002,0.00520,0.00126,0.00166,0.01140
1691674628.977566003799438,0.00290,0.00018,0.00007,0.00542,0.00142,0.00169,0.01167
1691674629.010912418365479,0.00290,0.00029,0.00004,0.00941,0.00030,0.00167,0.01460
1691674629.044258594512939,0.00320,0.00020,0.00004,0.00562,0.00098,0.00167,0.01172
1691674629.077604532241821,0.00336,0.00021,0.00102,0.00537,0.00080,0.00195,0.01271
1691674629.110951423645020,0.00322,0.00021,0.00099,0.00572,0.00403,0.00176,0.01593
1691674629.144298315048218,0.00347,0.00021,0.00002,0.00640,0.00295,0.00175,0.01479
1691674629.177649974822998,0.00278,0.00020,0.00041,0.00679,0.00006,0.00164,0.01188
1691674629.211000442504883,0.00402,0.00022,0.00002,0.00684,0.00000,0.00162,0.01272
1691674629.244348764419556,0.00266,0.00021,0.00008,0.00650,0.00000,0.00158,0.01103
1691674629.277698755264282,0.00299,0.00024,0.00002,0.00636,0.00000,0.00196,0.01157
1691674629.311050891876221,0.00369,0.00027,0.00009,0.00606,0.00025,0.00165,0.01200
1691674629.344402074813843,0.00358,0.00022,0.00021,0.00586,0.00019,0.00174,0.01180
1691674629.377745866775513,0.00353,0.00024,0.00008,0.00590,0.00025,0.00177,0.01178
1691674629.411088943481445,0.00294,0.00019,0.00032,0.00554,0.00267,0.00204,0.01371
1691674629.444437980651855,0.00315,0.00020,0.00014,0.00527,0.00145,0.00200,0.01221
1691674629.477790355682373,0.00338,0.00040,0.00187,0.00503,0.00036,0.00205,0.01310
1691674629.511140108108521,0.00306,0.00021,0.00025,0.00511,0.00129,0.00176,0.01169
1691674629.544488191604614,0.00346,0.00019,0.00079,0.00505,0.00032,0.00195,0.01176
1691674629.577830314636230,0.00307,0.00019,0.00018,0.00535,0.00142,0.00194,0.01215
1691674629.611178398132324,0.00366,0.00020,0.00205,0.00523,0.00000,0.00178,0.01292
1691674629.644526004791260,0.00285,0.00021,0.00023,0.00483,0.00126,0.00171,0.01109
1691674629.677874803543091,0.00287,0.00021,0.00112,0.00433,0.00000,0.00194,0.01047
1691674629.711222410202026,0.00668,0.00022,0.00136,0.00421,0.00070,0.00175,0.01493
1691674629.744569540023804,0.00328,0.00022,0.00038,0.00417,0.00000,0.00175,0.00981
1691674629.777916431427002,0.00322,0.00022,0.00017,0.00388,0.00070,0.00216,0.01035
1691674629.811262607574463,0.00367,0.00023,0.00014,0.00381,0.00006,0.00176,0.00967
1691674629.844609737396240,0.00359,0.00019,0.00059,0.00358,0.00131,0.00164,0.01090
1691674629.877955675125122,0.00373,0.00021,0.00081,0.00386,0.00213,0.00207,0.01282
1691674629.911303758621216,0.00506,0.00017,0.00008,0.00515,0.00130,0.00241,0.01417
1691674629.944647312164307,0.00338,0.00018,0.00051,0.00379,0.00451,0.00223,0.01459
1691674629.977992296218872,0.00327,0.00029,0.00028,0.00431,0.00456,0.00183,0.01454
1691674630.011333227157593,0.00370,0.00021,0.00086,0.00461,0.00000,0.00201,0.01138
1691674630.044667243957520,0.00338,0.00020,0.00026,0.00438,0.00155,0.00182,0.01159
1691674630.078002929687500,0.00331,0.00021,0.00057,0.00451,0.00279,0.00204,0.01343
1691674630.111348390579224,0.00418,0.00029,0.00094,0.00444,0.00511,0.00177,0.01673
1691674630.144691944122314,0.00292,0.00023,0.00036,0.00522,0.00124,0.00171,0.01169
1691674630.178031444549561,0.00369,0.00022,0.00114,0.00539,0.00103,0.00156,0.01304
1691674630.211361646652222,0.00302,0.00022,0.00092,0.00514,0.00006,0.00164,0.01101
1691674630.244705915451050,0.00901,0.00063,0.00034,0.01626,0.00071,0.00326,0.03023
1691674630.278054952621460,0.00490,0.00029,0.00020,0.00556,0.00204,0.00203,0.01501
1691674630.311402320861816,0.00330,0.00018,0.00007,0.00492,0.00006,0.00196,0.01048
1691674630.344748735427856,0.00277,0.00021,0.00026,0.00494,0.00000,0.00177,0.00994
1691674630.378094434738159,0.00288,0.00020,0.00002,0.00471,0.00006,0.00152,0.00939
1691674630.411439180374146,0.00259,0.00018,0.00002,0.00495,0.00000,0.00177,0.00951
1691674630.444786787033081,0.00292,0.00021,0.00002,0.00486,0.00150,0.00169,0.01120
1691674630.478132963180542,0.00266,0.00019,0.00002,0.00486,0.00144,0.00197,0.01114
1691674630.511480808258057,0.00318,0.00038,0.00058,0.00510,0.00067,0.00204,0.01196
1691674630.544824600219727,0.00340,0.00020,0.00002,0.00471,0.00128,0.00167,0.01129
1691674630.578172206878662,0.00291,0.00021,0.00007,0.00492,0.00018,0.00172,0.01001
1691674630.611519336700439,0.00281,0.00021,0.00006,0.00488,0.00021,0.00161,0.00978
1691674630.644866228103638,0.00339,0.00023,0.00013,0.00455,0.00152,0.00166,0.01148
1691674630.678212642669678,0.00326,0.00021,0.00016,0.00437,0.00243,0.00219,0.01264
1691674630.711560964584351,0.00920,0.00078,0.00027,0.01338,0.00011,0.00278,0.02652
1691674630.744907140731812,0.00357,0.00024,0.00018,0.00473,0.00280,0.00188,0.01341
1691674630.778251647949219,0.00286,0.00020,0.00015,0.00437,0.00007,0.00166,0.00931
1691674630.811593532562256,0.00284,0.00019,0.00012,0.00454,0.00141,0.00175,0.01086
1691674630.844925165176392,0.00288,0.00024,0.00008,0.00415,0.00050,0.00180,0.00966
1691674630.878268241882324,0.00326,0.00020,0.00006,0.00378,0.00175,0.00162,0.01067
1691674630.911610126495361,0.00878,0.00046,0.00112,0.00745,0.00189,0.00231,0.02200
1691674630.944940090179443,0.00500,0.00028,0.00016,0.00633,0.00008,0.00232,0.01417
1691674630.978282690048218,0.00302,0.00018,0.00008,0.00507,0.00272,0.00170,0.01278
1691674631.011627912521362,0.00307,0.00021,0.00003,0.00468,0.00071,0.00182,0.01054
1691674631.044969320297241,0.01042,0.00091,0.00423,0.01451,0.00066,0.00346,0.03418
1691674631.078312158584595,0.00330,0.00024,0.00002,0.00468,0.00006,0.00255,0.01086
1691674631.111660242080688,0.00272,0.00021,0.00026,0.00408,0.00180,0.00199,0.01107
1691674631.145006656646729,0.00264,0.00020,0.00018,0.00400,0.00138,0.00199,0.01040
1691674631.178354740142822,0.00271,0.00020,0.00002,0.00413,0.00355,0.00168,0.01230
1691674631.211700439453125,0.00269,0.00020,0.00016,0.00484,0.00130,0.00163,0.01082
1691674631.245044469833374,0.00276,0.00018,0.00199,0.00462,0.00166,0.00167,0.01288
1691674631.278390645980835,0.00300,0.00019,0.00087,0.00497,0.00336,0.00206,0.01445
1691674631.311735630035400,0.00334,0.00021,0.00020,0.00544,0.00132,0.00178,0.01230
1691674631.345079898834229,0.00337,0.00019,0.00002,0.00578,0.00007,0.00189,0.01132
1691674631.378426313400269,0.00304,0.00026,0.00007,0.00610,0.00148,0.00172,0.01269
1691674631.411772251129150,0.00287,0.00024,0.00002,0.00609,0.00000,0.00204,0.01125
1691674631.445112228393555,0.00285,0.00018,0.00002,0.00587,0.00021,0.00179,0.01092
1691674631.478450059890747,0.00299,0.00023,0.00051,0.00475,0.00009,0.00211,0.01069
1691674631.511799812316895,0.00280,0.00022,0.00017,0.00488,0.00023,0.00207,0.01038
1691674631.545153141021729,0.00309,0.00025,0.00014,0.00437,0.00035,0.00209,0.01029
1691674631.578500747680664,0.00276,0.00021,0.00082,0.00425,0.00007,0.00233,0.01046
1691674631.611833572387695,0.00276,0.00023,0.00008,0.00422,0.00145,0.00157,0.01030
1691674631.645168542861938,0.00337,0.00020,0.00018,0.00337,0.00064,0.00174,0.00949
1691674631.678506612777710,0.00288,0.00019,0.00007,0.00352,0.00016,0.00159,0.00841
1691674631.711839914321899,0.00362,0.00020,0.00020,0.00380,0.00173,0.00171,0.01126
1691674631.745182514190674,0.00316,0.00019,0.00008,0.00409,0.00005,0.00172,0.00931
1691674631.778529405593872,0.00410,0.00022,0.00002,0.00399,0.00123,0.00200,0.01156
1691674631.811872482299805,0.00322,0.00020,0.00020,0.00368,0.00016,0.00175,0.00921
1691674631.845216035842896,0.00309,0.00019,0.00013,0.00365,0.00011,0.00196,0.00914
1691674631.878563880920410,0.00436,0.00022,0.00007,0.00384,0.00007,0.00192,0.01048
1691674631.911911725997925,0.00304,0.00018,0.00014,0.00308,0.00000,0.00173,0.00817
1691674631.945258140563965,0.00273,0.00019,0.00007,0.00326,0.00167,0.00253,0.01046
1691674631.978608369827271,0.00267,0.00019,0.00050,0.00271,0.00227,0.00175,0.01010
1691674632.011953353881836,0.00298,0.00021,0.00089,0.00315,0.00616,0.00173,0.01512
1691674632.045301198959351,0.00303,0.00032,0.00113,0.00360,0.00048,0.00218,0.01075
1691674632.078649759292603,0.00288,0.00018,0.00010,0.00303,0.00656,0.00192,0.01468
1691674632.111999750137329,0.00327,0.00026,0.00008,0.00424,0.00016,0.00161,0.00962
1691674632.145343780517578,0.00308,0.00020,0.00015,0.00392,0.00149,0.00205,0.01089
1691674632.178693294525146,0.00282,0.00020,0.00068,0.00433,0.00011,0.00199,0.01014
1691674632.212025642395020,0.00275,0.00020,0.00006,0.00396,0.00000,0.00159,0.00855
1691674632.245361089706421,0.00320,0.00019,0.00014,0.00375,0.00188,0.00156,0.01073
1691674632.278713226318359,0.00302,0.00025,0.00044,0.00410,0.00070,0.00164,0.01015
1691674632.312055349349976,0.00319,0.00018,0.00055,0.00373,0.00015,0.00180,0.00959
1691674632.345366477966309,0.00346,0.00019,0.00036,0.00389,0.00040,0.00267,0.01098
1691674632.378703594207764,0.00289,0.00019,0.00008,0.00334,0.00150,0.00227,0.01026
1691674632.412049531936646,0.00299,0.00025,0.00016,0.00438,0.00150,0.00164,0.01092
1691674632.445383310317993,0.01041,0.00056,0.00016,0.00800,0.00487,0.00298,0.02698
1691674632.478728055953979,0.00281,0.00019,0.00007,0.00481,0.00499,0.00173,0.01460
1691674632.512077093124390,0.00398,0.00022,0.00008,0.00540,0.00146,0.00183,0.01297
1691674632.545425176620483,0.00373,0.00022,0.00004,0.00558,0.00006,0.00154,0.01116
1691674632.578774213790894,0.00312,0.00021,0.00026,0.00635,0.00006,0.00187,0.01187
1691674632.612120866775513,0.00293,0.00023,0.00002,0.00579,0.00131,0.00163,0.01192
1691674632.645471811294556,0.00323,0.00021,0.00002,0.00632,0.00236,0.00192,0.01406
1691674632.678819656372070,0.00321,0.00026,0.00071,0.00614,0.00136,0.00193,0.01361
1691674632.712168455123901,0.01000,0.00041,0.00003,0.01114,0.00231,0.00249,0.02637
1691674632.745514392852783,0.00370,0.00023,0.00042,0.00713,0.00029,0.00189,0.01366
1691674632.778861999511719,0.00278,0.00021,0.00244,0.00660,0.00140,0.00179,0.01522
1691674632.812208652496338,0.00279,0.00021,0.00027,0.00785,0.00000,0.00188,0.01301
1691674632.845555543899536,0.00326,0.00024,0.00271,0.00622,0.00020,0.00169,0.01432
1691674632.878905296325684,0.00275,0.00021,0.00009,0.00614,0.00024,0.00184,0.01126
1691674632.912256479263306,0.00372,0.00032,0.00077,0.00585,0.00025,0.00159,0.01250
1691674632.945603370666504,0.00282,0.00020,0.00027,0.00525,0.00165,0.00157,0.01177
1691674632.978952884674072,0.00286,0.00022,0.00092,0.00584,0.00084,0.00162,0.01231
1691674633.012300014495850,0.00277,0.00022,0.00007,0.00553,0.00024,0.00163,0.01047
1691674633.045640945434570,0.00257,0.00020,0.00008,0.00534,0.00001,0.00156,0.00976
1691674633.078983545303345,0.00290,0.00023,0.00009,0.00535,0.00001,0.00163,0.01021
1691674633.112332820892334,0.00263,0.00021,0.00002,0.00582,0.00000,0.00207,0.01074
1691674633.145681381225586,0.00354,0.00019,0.00006,0.00509,0.00000,0.00179,0.01068
1691674633.179027795791626,0.00271,0.00020,0.00094,0.00511,0.00505,0.00209,0.01611
1691674633.212376594543457,0.00299,0.00025,0.00002,0.00605,0.00000,0.00159,0.01090
1691674633.245724439620972,0.00299,0.00019,0.00023,0.00604,0.00042,0.00162,0.01149
1691674633.279072046279907,0.00289,0.00020,0.00016,0.00456,0.00004,0.00162,0.00947
1691674633.312422513961792,0.00305,0.00023,0.00013,0.00452,0.00072,0.00174,0.01038
1691674633.345771312713623,0.00356,0.00022,0.00021,0.00473,0.00090,0.00169,0.01133
1691674633.379121780395508,0.00324,0.00020,0.00010,0.00458,0.00204,0.00177,0.01194
1691674633.412473440170288,0.00423,0.00021,0.00027,0.00421,0.00025,0.00163,0.01081
1691674633.445826292037964,0.00332,0.00021,0.00018,0.00420,0.00031,0.00166,0.00987
1691674633.479176998138428,0.00365,0.00021,0.00131,0.00416,0.00042,0.00186,0.01160
1691674633.512526035308838,0.00307,0.00020,0.00090,0.00430,0.00000,0.00195,0.01043
1691674633.545872926712036,0.00310,0.00019,0.00011,0.00404,0.00001,0.00175,0.00921
1691674633.579223632812500,0.00307,0.00019,0.00015,0.00376,0.00015,0.00167,0.00900
1691674633.612569808959961,0.00305,0.00024,0.00011,0.00409,0.00020,0.00174,0.00943
1691674633.645916223526001,0.00293,0.00018,0.00007,0.00415,0.00269,0.00175,0.01177
1691674633.679262161254883,0.00645,0.00020,0.00022,0.00340,0.00248,0.00202,0.01477
1691674633.712611675262451,0.00563,0.00020,0.00210,0.00383,0.00606,0.00186,0.01969
1691674633.745960474014282,0.00274,0.00019,0.00020,0.00395,0.00389,0.00201,0.01298
1691674633.779309988021851,0.00487,0.00020,0.00021,0.00427,0.00050,0.00200,0.01205
1691674633.812660694122314,0.00389,0.00026,0.00025,0.00378,0.00020,0.00171,0.01010
1691674633.846010208129883,0.00305,0.00020,0.00015,0.00373,0.00031,0.00173,0.00916
1691674633.879352331161499,0.00340,0.00022,0.00016,0.00367,0.00151,0.00172,0.01069
1691674633.912698030471802,0.00277,0.00023,0.00038,0.00345,0.00121,0.00178,0.00983
1691674633.946041584014893,0.00263,0.00020,0.00069,0.00300,0.00343,0.00157,0.01153
1691674633.979390144348145,0.00275,0.00019,0.00033,0.00269,0.00030,0.00145,0.00771
1691674634.012741327285767,0.00282,0.00029,0.00019,0.00331,0.00017,0.00159,0.00837
1691674634.046092748641968,0.00293,0.00019,0.00020,0.00343,0.00072,0.00156,0.00904
1691674634.079441785812378,0.00268,0.00019,0.00011,0.00346,0.00001,0.00166,0.00810
1691674634.112790346145630,0.00263,0.00019,0.00011,0.00351,0.00163,0.00160,0.00967
1691674634.146135091781616,0.00274,0.00018,0.00015,0.00329,0.00000,0.00173,0.00809
1691674634.179477930068970,0.00297,0.00018,0.00030,0.00332,0.00018,0.00172,0.00868
1691674634.212818384170532,0.00513,0.00018,0.00031,0.00336,0.00015,0.00204,0.01117
1691674634.246163606643677,0.00470,0.00018,0.00006,0.00361,0.00015,0.00189,0.01059
1691674634.279509782791138,0.00302,0.00028,0.00006,0.00338,0.00000,0.00175,0.00850
1691674634.312857627868652,0.00317,0.00021,0.00008,0.00345,0.00069,0.00226,0.00988
1691674634.346201658248901,0.00283,0.00018,0.00009,0.00338,0.00108,0.00167,0.00922
1691674634.379547357559204,0.00275,0.00018,0.00007,0.00303,0.00005,0.00165,0.00774
1691674634.412894964218140,0.00300,0.00017,0.00025,0.00324,0.00390,0.00165,0.01221
1691674634.446240425109863,0.00286,0.00025,0.00012,0.00346,0.00292,0.00164,0.01124
1691674634.479588270187378,0.00323,0.00020,0.00033,0.00349,0.00000,0.00202,0.00927
1691674634.512940168380737,0.00341,0.00029,0.00049,0.00377,0.00341,0.00160,0.01299
1691674634.546289205551147,0.00322,0.00025,0.00014,0.00409,0.00388,0.00163,0.01321
1691674634.579635858535767,0.00679,0.00019,0.00012,0.00442,0.00156,0.00184,0.01492
1691674634.612980365753174,0.00330,0.00029,0.00019,0.00452,0.00143,0.00168,0.01141
1691674634.646326541900635,0.00299,0.00020,0.00026,0.00458,0.00010,0.00169,0.00982
1691674634.679671287536621,0.00335,0.00019,0.00002,0.00437,0.00029,0.00175,0.00998
1691674634.713016748428345,0.01025,0.00068,0.00110,0.01231,0.00003,0.00352,0.02788
1691674634.746360778808594,0.00386,0.00019,0.00021,0.00358,0.00165,0.00195,0.01145
1691674634.779708623886108,0.00295,0.00022,0.00060,0.00277,0.00125,0.00165,0.00945
1691674634.813056945800781,0.00377,0.00023,0.00019,0.00330,0.00166,0.00211,0.01126
1691674634.846406698226929,0.00409,0.00019,0.00046,0.00347,0.00213,0.00184,0.01218
1691674634.879751682281494,0.00375,0.00020,0.00013,0.00414,0.00000,0.00216,0.01039
1691674634.913096427917480,0.00434,0.00025,0.00011,0.00361,0.00051,0.00172,0.01054
1691674634.946444988250732,0.00331,0.00028,0.00009,0.00323,0.00116,0.00180,0.00988
1691674634.979793787002563,0.00326,0.00023,0.00048,0.00342,0.00139,0.00181,0.01059
1691674635.013143777847290,0.00328,0.00019,0.00009,0.00323,0.00323,0.00190,0.01192
1691674635.046495914459229,0.00315,0.00018,0.00026,0.00300,0.00225,0.00202,0.01087
1691674635.079845905303955,0.00320,0.00020,0.00105,0.00292,0.00041,0.00179,0.00958
1691674635.113191604614258,0.00305,0.00019,0.00049,0.00287,0.00159,0.00177,0.00995
1691674635.146537780761719,0.00492,0.00018,0.00066,0.00369,0.00006,0.00201,0.01152
1691674635.179888486862183,0.00409,0.00019,0.00021,0.00344,0.00301,0.00176,0.01270
1691674635.213235616683960,0.00349,0.00018,0.00014,0.00362,0.00230,0.00174,0.01147
1691674635.246584653854370,0.00323,0.00023,0.00114,0.00360,0.00094,0.00168,0.01081
1691674635.279931545257568,0.00301,0.00019,0.00018,0.00339,0.00108,0.00167,0.00952
1691674635.313277482986450,0.00422,0.00019,0.00037,0.00357,0.00208,0.00172,0.01215
1691674635.346622467041016,0.00285,0.00019,0.00031,0.00370,0.00021,0.00168,0.00895
1691674635.379974126815796,0.00325,0.00021,0.00229,0.00395,0.00000,0.00253,0.01223
1691674635.413322925567627,0.00389,0.00022,0.00011,0.00342,0.00118,0.00167,0.01049
1691674635.446673393249512,0.00316,0.00021,0.00006,0.00337,0.00153,0.00183,0.01015
1691674635.480019807815552,0.00347,0.00024,0.00011,0.00377,0.00243,0.00178,0.01180
1691674635.513362169265747,0.00292,0.00021,0.00006,0.00389,0.00118,0.00196,0.01023
1691674635.546706676483154,0.00299,0.00020,0.00022,0.00383,0.00259,0.00169,0.01151
1691674635.580053806304932,0.00321,0.00020,0.00034,0.00415,0.00174,0.00238,0.01202
1691674635.613399744033813,0.00402,0.00021,0.00079,0.00358,0.00206,0.00172,0.01238
1691674635.646747112274170,0.00373,0.00020,0.00110,0.00397,0.00071,0.00169,0.01140
1691674635.680092811584473,0.00499,0.00031,0.00053,0.00752,0.00223,0.00238,0.01795
1691674635.713442564010620,0.00348,0.00025,0.00030,0.00402,0.00272,0.00229,0.01306
1691674635.746789216995239,0.00429,0.00029,0.00013,0.00456,0.00000,0.00243,0.01170
1691674635.780134677886963,0.00522,0.00022,0.00015,0.00430,0.00022,0.00179,0.01190
1691674635.813478231430054,0.00405,0.00031,0.00101,0.00387,0.00010,0.00179,0.01112
1691674635.846824169158936,0.00295,0.00019,0.00002,0.00350,0.00000,0.00184,0.00851
1691674635.880173444747925,0.00272,0.00020,0.00007,0.00327,0.00166,0.00247,0.01039
1691674635.913520574569702,0.00273,0.00019,0.00016,0.00299,0.00262,0.00186,0.01055
1691674635.946868181228638,0.00293,0.00019,0.00021,0.00317,0.00171,0.00192,0.01013
1691674635.980215311050415,0.00314,0.00023,0.00046,0.00318,0.00015,0.00163,0.00880
1691674636.013562202453613,0.00530,0.00019,0.00012,0.00306,0.00094,0.00177,0.01138
1691674636.046915769577026,0.00307,0.00023,0.00024,0.00257,0.00287,0.00159,0.01057
1691674636.080265283584595,0.00303,0.00021,0.00079,0.00296,0.00038,0.00163,0.00901
1691674636.113615036010742,0.00337,0.00036,0.00060,0.00316,0.00047,0.00168,0.00963
1691674636.146964073181152,0.00311,0.00023,0.00015,0.00327,0.00084,0.00168,0.00929
1691674636.180315017700195,0.00326,0.00019,0.00002,0.00329,0.00065,0.00189,0.00930
1691674636.213662624359131,0.00320,0.00019,0.00002,0.00341,0.00396,0.00175,0.01253
1691674636.247009038925171,0.00301,0.00020,0.00009,0.00406,0.00007,0.00205,0.00948
1691674636.280358552932739,0.00300,0.00021,0.00005,0.00498,0.00222,0.00187,0.01233
1691674636.313709735870361,0.00315,0.00026,0.00063,0.00387,0.00000,0.00169,0.00960
1691674636.347056627273560,0.00728,0.00032,0.00160,0.00607,0.00564,0.00206,0.02297
1691674636.380406379699707,0.00301,0.00020,0.00174,0.00385,0.00447,0.00215,0.01540
1691674636.413755655288696,0.00293,0.00026,0.00018,0.00499,0.00165,0.00164,0.01165
1691674636.447106838226318,0.00301,0.00027,0.00017,0.00419,0.00090,0.00159,0.01013
1691674636.480462551116943,0.01009,0.00065,0.00209,0.01105,0.00303,0.00307,0.02999
1691674636.513816595077515,0.00453,0.00026,0.00021,0.00490,0.00027,0.00177,0.01194
1691674636.547167539596558,0.00406,0.00019,0.00025,0.00369,0.00018,0.00179,0.01016
1691674636.580518484115601,0.00305,0.00019,0.00016,0.00362,0.00231,0.00217,0.01150
1691674636.613865375518799,0.00299,0.00019,0.00026,0.00378,0.00065,0.00161,0.00950
1691674636.647220134735107,0.00289,0.00019,0.00048,0.00324,0.00008,0.00233,0.00921
1691674636.680570363998413,0.00293,0.00019,0.00007,0.00292,0.00260,0.00196,0.01068
1691674636.713925123214722,0.00550,0.00018,0.00012,0.00288,0.00141,0.00184,0.01194
1691674636.747280120849609,0.00386,0.00022,0.00035,0.00313,0.00050,0.00179,0.00986
1691674636.780635833740234,0.00290,0.00019,0.00021,0.00325,0.00024,0.00185,0.00864
1691674636.813983917236328,0.00391,0.00021,0.00017,0.00314,0.00085,0.00188,0.01014
1691674636.847323894500732,0.00329,0.00020,0.00021,0.00293,0.00000,0.00185,0.00848
1691674636.880664348602295,0.00291,0.00023,0.00010,0.00286,0.00209,0.00184,0.01002
1691674636.914004802703857,0.00352,0.00021,0.00027,0.00319,0.00328,0.00168,0.01215
1691674636.947355270385742,0.00696,0.00043,0.00014,0.00628,0.00821,0.00238,0.02440
1691674636.980705738067627,0.00446,0.00019,0.00002,0.00419,0.00112,0.00217,0.01216
1691674637.014052629470825,0.00357,0.00019,0.00011,0.00416,0.00317,0.00161,0.01280
1691674637.047407150268555,0.00298,0.00018,0.00003,0.00457,0.00216,0.00194,0.01186
1691674637.080758571624756,0.00338,0.00020,0.00087,0.00455,0.00355,0.00210,0.01466
1691674637.114108324050903,0.00349,0.00023,0.00030,0.00524,0.00037,0.00213,0.01176
1691674637.147456169128418,0.00327,0.00020,0.00007,0.00604,0.00155,0.00195,0.01309
1691674637.180803775787354,0.00346,0.00022,0.00025,0.00610,0.00238,0.00205,0.01446
1691674637.214152336120605,0.00450,0.00035,0.00048,0.00814,0.00137,0.00173,0.01657
1691674637.247504711151123,0.00312,0.00023,0.00005,0.00658,0.00000,0.00169,0.01167
1691674637.280855894088745,0.00452,0.00023,0.00029,0.00566,0.00086,0.00181,0.01337
1691674637.314206838607788,0.00398,0.00034,0.00158,0.00701,0.00006,0.00179,0.01476
1691674637.347550630569458,0.00348,0.00022,0.00054,0.00455,0.00600,0.00195,0.01673
1691674637.380901336669922,0.00444,0.00020,0.00117,0.00483,0.00148,0.00180,0.01392
1691674637.414249658584595,0.00340,0.00021,0.00036,0.00526,0.00264,0.00168,0.01355
1691674637.447598695755005,0.00299,0.00021,0.00265,0.00524,0.00299,0.00177,0.01584
1691674637.480947494506836,0.00439,0.00020,0.00002,0.00559,0.00236,0.00183,0.01439
1691674637.514298439025879,0.00337,0.00021,0.00028,0.00578,0.00039,0.00174,0.01176
1691674637.547649145126343,0.00333,0.00021,0.00052,0.00567,0.00042,0.00176,0.01191
1691674637.580999851226807,0.00309,0.00020,0.00015,0.00545,0.00013,0.00170,0.01071
1691674637.614348888397217,0.00399,0.00021,0.00093,0.00502,0.00019,0.00174,0.01209
1691674637.647698879241943,0.00342,0.00023,0.00137,0.00548,0.00393,0.00180,0.01623
1691674637.681047916412354,0.00301,0.00023,0.00017,0.00605,0.00024,0.00203,0.01174
1691674637.714397907257080,0.00321,0.00028,0.00105,0.00580,0.00090,0.00167,0.01291
1691674637.747748851776123,0.00321,0.00021,0.00016,0.00550,0.00285,0.00188,0.01382
1691674637.781099319458008,0.00350,0.00022,0.00013,0.00586,0.00107,0.00177,0.01255
1691674637.814448356628418,0.00357,0.00019,0.00141,0.00568,0.00009,0.00184,0.01279
1691674637.847799777984619,0.00344,0.00021,0.00022,0.00521,0.00157,0.00171,0.01235
1691674637.881149530410767,0.00341,0.00024,0.00093,0.00403,0.00081,0.00187,0.01129
1691674637.914499759674072,0.00329,0.00020,0.00013,0.00429,0.00487,0.00169,0.01447
1691674637.947847843170166,0.00340,0.00023,0.00131,0.00419,0.00112,0.00162,0.01187
1691674637.981195449829102,0.01039,0.00059,0.00076,0.01014,0.00010,0.00189,0.02387
1691674638.014545202255249,0.00392,0.00022,0.00019,0.00419,0.00142,0.00198,0.01192
1691674638.047894001007080,0.00363,0.00022,0.00046,0.00342,0.00001,0.00178,0.00951
1691674638.081242322921753,0.00462,0.00018,0.00047,0.00317,0.00050,0.00198,0.01092
1691674638.114591836929321,0.00690,0.00033,0.00107,0.00268,0.00085,0.00193,0.01376
1691674638.147943496704102,0.00338,0.00023,0.00137,0.00254,0.00322,0.00183,0.01258
1691674638.181304931640625,0.01292,0.00059,0.00133,0.00672,0.00706,0.00244,0.03105
1691674638.214658737182617,0.00337,0.00020,0.00009,0.00336,0.00185,0.00170,0.01058
1691674638.248010158538818,0.00289,0.00020,0.00067,0.00341,0.00036,0.00192,0.00945
1691674638.281359195709229,0.00328,0.00019,0.00012,0.00335,0.00123,0.00207,0.01024
1691674638.314709663391113,0.00333,0.00024,0.00006,0.00328,0.00032,0.00207,0.00929
1691674638.348045825958252,0.00781,0.00033,0.00234,0.00523,0.00270,0.00248,0.02088
1691674638.381396293640137,0.00418,0.00018,0.00076,0.00335,0.00082,0.00204,0.01133
1691674638.414746046066284,0.00389,0.00026,0.00022,0.00325,0.00001,0.00177,0.00940
1691674638.448097705841064,0.00693,0.00019,0.00053,0.00328,0.00501,0.00226,0.01820
1691674638.481447219848633,0.00807,0.00018,0.00055,0.00375,0.00018,0.00200,0.01473
1691674638.514796733856201,0.00436,0.00020,0.00016,0.00331,0.00005,0.00174,0.00983
1691674638.548144102096558,0.00671,0.00019,0.00043,0.00362,0.00682,0.00190,0.01967
1691674638.581496953964233,0.00419,0.00019,0.00070,0.00418,0.00443,0.00206,0.01576
1691674638.614845275878906,0.00902,0.00040,0.00098,0.00967,0.00281,0.00323,0.02610
1691674638.648198127746582,0.00676,0.00030,0.00101,0.00643,0.00297,0.00201,0.01948
1691674638.681549787521362,0.00362,0.00023,0.00027,0.00537,0.00261,0.00184,0.01394
1691674638.714899301528931,0.01028,0.00049,0.00216,0.00907,0.00051,0.00231,0.02482
1691674638.748248577117920,0.00400,0.00032,0.00115,0.00678,0.00453,0.00200,0.01878
1691674638.781600475311279,0.00371,0.00022,0.00106,0.00548,0.00010,0.00208,0.01265
1691674638.814949512481689,0.00482,0.00036,0.00059,0.00721,0.00006,0.00180,0.01484
1691674638.848304748535156,0.01532,0.00065,0.00967,0.01212,0.00560,0.00239,0.04575
1691674638.881659507751465,0.00389,0.00020,0.00041,0.00518,0.00000,0.00219,0.01188
1691674638.915017843246460,0.00476,0.00034,0.00055,0.00575,0.00098,0.00173,0.01410
1691674638.948371887207031,0.00328,0.00023,0.00222,0.00350,0.00001,0.00171,0.01096
1691674638.981737852096558,0.00519,0.00024,0.00054,0.00314,0.00166,0.00197,0.01273
1691674639.015095233917236,0.01210,0.00062,0.00156,0.00959,0.00289,0.00308,0.02985
1691674639.048442363739014,0.00544,0.00022,0.00098,0.00369,0.00198,0.00182,0.01412
1691674639.081790924072266,0.00332,0.00021,0.00024,0.00367,0.00000,0.00184,0.00928
1691674639.115143060684204,0.00308,0.00019,0.00124,0.00364,0.00074,0.00193,0.01081
1691674639.148492813110352,0.00499,0.00019,0.00029,0.00374,0.00215,0.00182,0.01319
1691674639.181842088699341,0.00327,0.00019,0.00037,0.00382,0.00503,0.00212,0.01481
1691674639.215192079544067,0.00439,0.00020,0.00009,0.00524,0.00389,0.00186,0.01569
1691674639.248544931411743,0.01226,0.00068,0.00013,0.01475,0.00689,0.00216,0.03686
1691674639.281895160675049,0.00407,0.00021,0.00016,0.00660,0.00007,0.00186,0.01298
1691674639.315245389938354,0.00456,0.00023,0.00004,0.00575,0.00139,0.00228,0.01424
1691674639.348594903945923,0.00333,0.00024,0.00076,0.00543,0.00008,0.00175,0.01160
1691674639.381945848464966,0.00337,0.00025,0.00175,0.00528,0.00318,0.00179,0.01563
1691674639.415298461914062,0.00409,0.00022,0.00102,0.00482,0.00038,0.00163,0.01216
1691674639.448654413223267,0.00367,0.00022,0.00030,0.00470,0.00089,0.00214,0.01193
1691674639.482007265090942,0.00344,0.00028,0.00029,0.00429,0.00006,0.00188,0.01026
1691674639.515358686447144,0.00412,0.00021,0.00014,0.00432,0.00030,0.00174,0.01083
1691674639.548707962036133,0.00311,0.00020,0.00055,0.00428,0.00079,0.00179,0.01071
1691674639.582058906555176,0.00307,0.00019,0.00026,0.00414,0.00299,0.00205,0.01270
1691674639.615409374237061,0.00366,0.00023,0.00008,0.00463,0.00143,0.00188,0.01191
1691674639.648761510848999,0.00316,0.00021,0.00077,0.00485,0.00039,0.00191,0.01129
1691674639.682112693786621,0.00339,0.00021,0.00216,0.00463,0.00150,0.00183,0.01372
1691674639.715464830398560,0.00419,0.00020,0.00030,0.00466,0.00010,0.00179,0.01124
1691674639.748819112777710,0.00695,0.00032,0.00160,0.00468,0.00069,0.00207,0.01632
1691674639.782173633575439,0.00408,0.00021,0.00057,0.00319,0.00131,0.00193,0.01128
1691674639.815529346466064,0.00422,0.00024,0.00023,0.00363,0.00427,0.00205,0.01465
1691674639.848883152008057,0.00266,0.00021,0.00102,0.00404,0.00274,0.00185,0.01251
1691674639.882234096527100,0.00340,0.00023,0.00012,0.00450,0.00006,0.00206,0.01037
1691674639.915585279464722,0.00328,0.00019,0.00010,0.00454,0.00013,0.00174,0.00999
1691674639.948935985565186,0.00927,0.00063,0.00026,0.01831,0.00000,0.00545,0.03393
1691674639.982286930084229,0.00510,0.00030,0.00004,0.00740,0.00156,0.00269,0.01709
1691674640.015636920928955,0.00341,0.00022,0.00007,0.00445,0.00000,0.00197,0.01012
1691674640.048988580703735,0.00328,0.00022,0.00005,0.00447,0.00111,0.00199,0.01112
1691674640.082336664199829,0.00323,0.00024,0.00068,0.00500,0.00081,0.00232,0.01227
1691674640.115686178207397,0.00332,0.00019,0.00019,0.00440,0.00006,0.00211,0.01027
1691674640.149034261703491,0.00350,0.00020,0.00012,0.00370,0.00022,0.00207,0.00982
1691674640.182385683059692,0.00356,0.00024,0.00005,0.00388,0.00100,0.00205,0.01079
1691674640.215741157531738,0.00323,0.00021,0.00017,0.00365,0.00184,0.00203,0.01112
1691674640.249099254608154,0.00316,0.00021,0.00024,0.00375,0.00952,0.00211,0.01900
1691674640.282451868057251,0.00341,0.00021,0.00145,0.00532,0.00016,0.00208,0.01262
1691674640.315806865692139,0.00371,0.00031,0.00011,0.00522,0.00096,0.00195,0.01226
1691674640.349166154861450,0.00314,0.00027,0.00032,0.00447,0.00143,0.00191,0.01154
1691674640.382530689239502,0.00396,0.00021,0.00007,0.00440,0.00023,0.00204,0.01091
1691674640.415884971618652,0.00337,0.00020,0.00002,0.00475,0.00075,0.00168,0.01078
1691674640.449239015579224,0.00336,0.00022,0.00047,0.00444,0.00038,0.00171,0.01059
1691674640.482594728469849,0.00457,0.00020,0.00034,0.00441,0.00006,0.00210,0.01167
1691674640.515944480895996,0.00547,0.00049,0.00129,0.00388,0.00231,0.00196,0.01540
1691674640.549293994903564,0.00358,0.00022,0.00034,0.00453,0.00024,0.00178,0.01070
1691674640.582645654678345,0.00583,0.00021,0.00206,0.00492,0.00155,0.00221,0.01679
1691674640.615993738174438,0.00554,0.00030,0.00064,0.00415,0.00022,0.00191,0.01277
1691674640.649344205856323,0.00338,0.00023,0.00002,0.00400,0.00149,0.00206,0.01118
1691674640.682693958282471,0.00326,0.00021,0.00020,0.00390,0.00153,0.00205,0.01117
1691674640.716046571731567,0.01132,0.00059,0.00115,0.01407,0.00370,0.00334,0.03417
1691674640.749396562576294,0.00406,0.00021,0.00014,0.00454,0.00036,0.00302,0.01234
1691674640.782747507095337,0.00509,0.00020,0.00009,0.00391,0.00007,0.00204,0.01139
1691674640.816098213195801,0.00324,0.00020,0.00057,0.00402,0.00000,0.00176,0.00979
1691674640.849449634552002,0.00349,0.00023,0.00008,0.00379,0.00180,0.00174,0.01113
1691674640.882799386978149,0.01024,0.00061,0.00176,0.00903,0.00011,0.00334,0.02508
1691674640.916149377822876,0.00504,0.00020,0.00061,0.00302,0.00182,0.00174,0.01242
1691674640.949498176574707,0.00328,0.00023,0.00002,0.00288,0.00024,0.00167,0.00832
1691674640.982847929000854,0.00372,0.00020,0.00025,0.00257,0.00110,0.00194,0.00978
1691674641.016196250915527,0.00671,0.00017,0.00014,0.00272,0.00113,0.00204,0.01291
1691674641.049547195434570,0.00336,0.00019,0.00017,0.00186,0.00114,0.00188,0.00860
1691674641.082897424697876,0.00328,0.00018,0.00074,0.00190,0.00432,0.00172,0.01214
1691674641.116251707077026,0.00343,0.00021,0.00116,0.00258,0.00044,0.00184,0.00966
1691674641.149604797363281,0.00330,0.00018,0.00028,0.00304,0.00015,0.00181,0.00876
1691674641.182957172393799,0.00456,0.00032,0.00071,0.00472,0.00009,0.00248,0.01286
1691674641.216308355331421,0.00359,0.00018,0.00032,0.00260,0.00006,0.00188,0.00862
1691674641.249660015106201,0.00309,0.00019,0.00080,0.00258,0.00188,0.00190,0.01043
1691674641.283008337020874,0.00312,0.00025,0.00011,0.00289,0.00029,0.00189,0.00855
1691674641.316360473632812,0.00356,0.00020,0.00031,0.00311,0.00023,0.00173,0.00914
1691674641.349713325500488,0.00340,0.00018,0.00010,0.00309,0.00372,0.00201,0.01249
1691674641.383064746856689,0.00313,0.00020,0.00002,0.00317,0.00029,0.00176,0.00856
1691674641.416413545608521,0.00333,0.00017,0.00019,0.00316,0.00044,0.00178,0.00907
1691674641.449762105941772,0.00305,0.00020,0.00007,0.00321,0.00320,0.00214,0.01186
1691674641.483110427856445,0.00310,0.00017,0.00009,0.00354,0.00260,0.00184,0.01134
1691674641.516461372375488,0.00311,0.00022,0.00007,0.00389,0.00100,0.00187,0.01016
1691674641.549809932708740,0.00418,0.00025,0.00075,0.00395,0.00174,0.00199,0.01285
1691674641.583161354064941,0.00697,0.00020,0.00022,0.00423,0.00361,0.00211,0.01736
1691674641.616511821746826,0.00438,0.00022,0.00061,0.00426,0.00006,0.00188,0.01142
1691674641.649862527847290,0.00331,0.00020,0.00008,0.00431,0.00144,0.00192,0.01126
1691674641.683212041854858,0.00755,0.00029,0.00013,0.00435,0.00000,0.00220,0.01453
1691674641.716561555862427,0.00354,0.00022,0.00065,0.00349,0.00350,0.00181,0.01321
1691674641.749910354614258,0.00377,0.00020,0.00014,0.00421,0.00301,0.00205,0.01338
1691674641.783260107040405,0.00708,0.00020,0.00030,0.00444,0.00034,0.00218,0.01455
1691674641.816609859466553,0.00305,0.00021,0.00012,0.00386,0.00012,0.00177,0.00914
1691674641.849958419799805,0.00400,0.00019,0.00011,0.00360,0.00009,0.00222,0.01021
1691674641.883306503295898,0.00274,0.00023,0.00034,0.00337,0.00065,0.00195,0.00928
1691674641.916655063629150,0.00404,0.00020,0.00007,0.00346,0.00017,0.00180,0.00973
1691674641.950002908706665,0.00299,0.00023,0.00030,0.00310,0.00022,0.00179,0.00863
1691674641.983351707458496,0.00323,0.00018,0.00002,0.00306,0.00019,0.00215,0.00884
1691674642.016698598861694,0.00800,0.00022,0.00005,0.00281,0.00040,0.00173,0.01321
1691674642.050045251846313,0.00313,0.00020,0.00028,0.00305,0.00143,0.00171,0.00980
1691674642.083391189575195,0.00322,0.00020,0.00012,0.00322,0.00044,0.00214,0.00933
1691674642.116739034652710,0.00365,0.00018,0.00101,0.00326,0.00199,0.00180,0.01190
1691674642.150088310241699,0.00290,0.00017,0.00011,0.00312,0.00207,0.00181,0.01018
1691674642.183437585830688,0.00310,0.00020,0.00038,0.00368,0.00012,0.00186,0.00933
1691674642.216784954071045,0.00323,0.00019,0.00010,0.00322,0.00221,0.00178,0.01074
1691674642.250133037567139,0.00340,0.00023,0.00019,0.00343,0.00009,0.00188,0.00922
1691674642.283480405807495,0.00353,0.00018,0.00004,0.00303,0.00244,0.00193,0.01115
1691674642.316829204559326,0.00656,0.00028,0.00008,0.00459,0.00097,0.00230,0.01478
1691674642.350176811218262,0.00311,0.00022,0.00055,0.00338,0.00252,0.00174,0.01153
1691674642.383525371551514,0.00994,0.00041,0.00087,0.00601,0.00026,0.00304,0.02053
1691674642.416872739791870,0.00332,0.00022,0.00059,0.00328,0.00044,0.00171,0.00957
1691674642.450222015380859,0.00345,0.00018,0.00156,0.00268,0.00024,0.00175,0.00986
1691674642.483570814132690,0.01452,0.00061,0.00098,0.00565,0.00116,0.00354,0.02647
1691674642.516919851303101,0.00350,0.00020,0.00019,0.00212,0.00022,0.00171,0.00795
1691674642.550267696380615,0.00340,0.00017,0.00005,0.00251,0.00119,0.00175,0.00906
1691674642.583615303039551,0.00736,0.00017,0.00011,0.00281,0.00325,0.00193,0.01563
1691674642.616960525512695,0.00365,0.00018,0.00083,0.00289,0.00205,0.00191,0.01150
1691674642.650307655334473,0.01135,0.00064,0.00202,0.00810,0.00017,0.00394,0.02621
1691674642.683656215667725,0.00424,0.00019,0.00007,0.00245,0.00088,0.00180,0.00961
1691674642.717005252838135,0.00447,0.00021,0.00016,0.00243,0.00133,0.00195,0.01055
1691674642.750352859497070,0.00344,0.00018,0.00111,0.00257,0.00128,0.00189,0.01047
1691674642.783700227737427,0.00338,0.00020,0.00013,0.00244,0.00107,0.00195,0.00917
1691674642.817045927047729,0.00428,0.00018,0.00011,0.00263,0.00339,0.00179,0.01239
1691674642.850391149520874,0.00338,0.00017,0.00002,0.00288,0.00245,0.00173,0.01063
1691674642.883738517761230,0.00324,0.00023,0.00017,0.00298,0.00194,0.00190,0.01044
1691674642.917089223861694,0.00326,0.00020,0.00015,0.00310,0.00018,0.00171,0.00859
1691674642.950439214706421,0.01049,0.00068,0.00014,0.00741,0.00038,0.00321,0.02232
1691674642.983788013458252,0.00375,0.00020,0.00015,0.00297,0.00430,0.00205,0.01341
1691674643.017134904861450,0.00550,0.00018,0.00002,0.00356,0.00240,0.00192,0.01358
1691674643.050483465194702,0.00675,0.00021,0.00008,0.00379,0.00247,0.00189,0.01519
1691674643.083831548690796,0.00350,0.00020,0.00018,0.00408,0.00196,0.00197,0.01187
1691674643.117179632186890,0.00878,0.00024,0.00041,0.00439,0.00264,0.00216,0.01862
1691674643.150524854660034,0.00428,0.00020,0.00009,0.00459,0.00660,0.00196,0.01772
1691674643.183872461318970,0.00405,0.00022,0.00002,0.00569,0.00014,0.00206,0.01219
1691674643.217218637466431,0.00368,0.00026,0.00265,0.00502,0.00088,0.00177,0.01426
1691674643.250563621520996,0.00326,0.00021,0.00033,0.00510,0.00030,0.00197,0.01117
1691674643.283911943435669,0.00364,0.00022,0.00026,0.00497,0.00014,0.00189,0.01113
1691674643.317260503768921,0.00347,0.00022,0.00013,0.00464,0.00028,0.00179,0.01054
1691674643.350607156753540,0.00353,0.00018,0.00029,0.00471,0.00491,0.00183,0.01546
1691674643.383955240249634,0.00630,0.00021,0.00007,0.00709,0.00039,0.00219,0.01625
1691674643.417302131652832,0.00390,0.00022,0.00054,0.00467,0.00025,0.00192,0.01150
1691674643.450650691986084,0.00674,0.00025,0.00038,0.00460,0.00132,0.00185,0.01513
1691674643.483998537063599,0.00356,0.00021,0.00027,0.00433,0.00278,0.00175,0.01289
1691674643.517347574234009,0.00458,0.00021,0.00037,0.00460,0.00040,0.00184,0.01201
1691674643.550695419311523,0.00350,0.00020,0.00044,0.00441,0.00225,0.00175,0.01255
1691674643.584042787551880,0.00422,0.00022,0.00056,0.00424,0.00209,0.00195,0.01328
1691674643.617390871047974,0.00641,0.00022,0.00075,0.00416,0.00117,0.00189,0.01459
1691674643.650739192962646,0.00401,0.00022,0.00041,0.00362,0.00416,0.00192,0.01434
1691674643.684087038040161,0.00389,0.00021,0.00012,0.00412,0.00251,0.00188,0.01273
1691674643.717435836791992,0.00459,0.00022,0.00021,0.00432,0.00125,0.00183,0.01243
1691674643.750782251358032,0.00350,0.00024,0.00012,0.00470,0.00013,0.00194,0.01062
1691674643.784127712249756,0.00426,0.00020,0.00018,0.00436,0.00014,0.00215,0.01128
1691674643.817473649978638,0.00634,0.00023,0.00064,0.00438,0.00086,0.00189,0.01434
1691674643.850821018218994,0.00432,0.00018,0.00043,0.00431,0.00324,0.00190,0.01438
1691674643.884167432785034,0.00321,0.00021,0.00009,0.00457,0.00128,0.00179,0.01115
1691674643.917515039443970,0.00313,0.00022,0.00067,0.00443,0.00012,0.00175,0.01032
1691674643.950860977172852,0.00609,0.00033,0.00043,0.00647,0.00000,0.00254,0.01585
1691674643.984206914901733,0.00325,0.00020,0.00069,0.00385,0.00124,0.00196,0.01118
1691674644.017552852630615,0.00369,0.00021,0.00002,0.00359,0.00240,0.00179,0.01171
1691674644.050899982452393,0.00532,0.00021,0.00016,0.00383,0.00141,0.00197,0.01291
1691674644.084242343902588,0.01039,0.00064,0.00085,0.00995,0.00753,0.00270,0.03207
1691674644.117583751678467,0.00517,0.00021,0.00072,0.00394,0.00134,0.00184,0.01323
1691674644.150921106338501,0.00333,0.00019,0.00020,0.00379,0.00013,0.00206,0.00970
1691674644.184263944625854,0.00346,0.00021,0.00027,0.00330,0.00028,0.00183,0.00935
1691674644.217609643936157,0.00806,0.00020,0.00013,0.00334,0.00000,0.00201,0.01374
1691674644.250950813293457,0.00413,0.00018,0.00007,0.00327,0.00198,0.00182,0.01145
1691674644.284294605255127,0.00342,0.00020,0.00013,0.00290,0.00065,0.00189,0.00920
1691674644.317642211914062,0.01254,0.00037,0.00044,0.00492,0.00022,0.00259,0.02109
1691674644.350988388061523,0.00362,0.00026,0.00016,0.00278,0.00007,0.00233,0.00923
1691674644.384335041046143,0.00331,0.00020,0.00026,0.00253,0.00104,0.00219,0.00953
1691674644.417679786682129,0.01286,0.00043,0.00059,0.00505,0.00500,0.00241,0.02634
1691674644.451026916503906,0.00343,0.00021,0.00022,0.00292,0.00349,0.00219,0.01245
1691674644.484373807907104,0.00610,0.00028,0.00015,0.00340,0.00026,0.00210,0.01229
1691674644.517721176147461,0.00417,0.00020,0.00039,0.00331,0.00133,0.00174,0.01113
1691674644.551066637039185,0.00472,0.00021,0.00056,0.00311,0.00247,0.00207,0.01314
1691674644.584414482116699,0.00313,0.00020,0.00022,0.00369,0.00192,0.00193,0.01110
1691674644.617760181427002,0.00366,0.00027,0.00021,0.00327,0.00390,0.00184,0.01315
1691674644.651108026504517,0.00313,0.00021,0.00014,0.00381,0.00046,0.00182,0.00958
1691674644.684454679489136,0.00331,0.00021,0.00019,0.00381,0.00085,0.00203,0.01041
1691674644.717801809310913,0.00340,0.00022,0.00011,0.00393,0.00020,0.00181,0.00966
1691674644.751146793365479,0.00419,0.00033,0.00003,0.00404,0.00020,0.00179,0.01058
1691674644.784492492675781,0.01157,0.00064,0.00048,0.00842,0.00017,0.00208,0.02336
1691674644.817838668823242,0.00393,0.00019,0.00023,0.00328,0.00036,0.00182,0.00981
1691674644.851186990737915,0.00366,0.00020,0.00011,0.00321,0.00299,0.00216,0.01232
1691674644.884534120559692,0.00465,0.00020,0.00022,0.00353,0.00011,0.00210,0.01082
1691674644.917881011962891,0.00324,0.00021,0.00027,0.00374,0.00029,0.00182,0.00957
1691674644.951226711273193,0.00291,0.00021,0.00011,0.00357,0.00038,0.00195,0.00914
1691674644.984575510025024,0.00413,0.00020,0.00002,0.00344,0.00006,0.00185,0.00971
1691674645.017921447753906,0.00509,0.00021,0.00013,0.00346,0.00166,0.00189,0.01244
1691674645.051267147064209,0.00301,0.00020,0.00024,0.00360,0.00112,0.00176,0.00993
1691674645.084611177444458,0.00320,0.00019,0.00011,0.00342,0.00038,0.00192,0.00922
1691674645.117959260940552,0.00330,0.00021,0.00008,0.00345,0.00047,0.00186,0.00937
1691674645.151304721832275,0.00346,0.00024,0.00020,0.00328,0.00008,0.00176,0.00903
1691674645.184650182723999,0.00740,0.00020,0.00010,0.00319,0.00025,0.00215,0.01329
1691674645.217993736267090,0.00439,0.00024,0.00014,0.00324,0.00098,0.00175,0.01074
1691674645.251340627670288,0.00340,0.00027,0.00005,0.00325,0.00258,0.00181,0.01137
1691674645.284688949584961,0.01222,0.00063,0.00045,0.00828,0.00017,0.00323,0.02499
1691674645.318037748336792,0.00423,0.00020,0.00011,0.00405,0.00006,0.00191,0.01055
1691674645.351383924484253,0.00306,0.00021,0.00002,0.00370,0.00058,0.00210,0.00966
1691674645.384722232818604,0.00723,0.00018,0.00019,0.00344,0.00040,0.00198,0.01342
1691674645.418065071105957,0.00302,0.00019,0.00008,0.00348,0.00016,0.00183,0.00876
1691674645.451412677764893,0.00525,0.00021,0.00021,0.00341,0.00098,0.00183,0.01189
1691674645.484756231307983,0.00304,0.00020,0.00017,0.00318,0.00030,0.00198,0.00887
1691674645.518101215362549,0.00404,0.00022,0.00012,0.00302,0.00036,0.00185,0.00961
1691674645.551447391510010,0.00404,0.00031,0.00023,0.00441,0.00012,0.00188,0.01099
1691674645.584792375564575,0.00370,0.00018,0.00005,0.00285,0.00007,0.00180,0.00865
1691674645.618137121200562,0.00512,0.00038,0.00019,0.00303,0.00031,0.00181,0.01084
1691674645.651484489440918,0.00321,0.00019,0.00007,0.00307,0.00030,0.00199,0.00882
1691674645.684832572937012,0.00690,0.00018,0.00004,0.00292,0.00017,0.00192,0.01213
1691674645.718181848526001,0.00307,0.00023,0.00006,0.00306,0.00006,0.00179,0.00827
1691674645.751528263092041,0.00274,0.00018,0.00009,0.00283,0.00199,0.00205,0.00988
1691674645.784877300262451,0.00584,0.00017,0.00013,0.00283,0.00052,0.00191,0.01141
1691674645.818224191665649,0.00326,0.00020,0.00002,0.00296,0.00237,0.00201,0.01082
1691674645.851572513580322,0.00496,0.00022,0.00009,0.00324,0.00029,0.00190,0.01070
1691674645.884921312332153,0.00296,0.00020,0.00004,0.00314,0.00030,0.00182,0.00846
1691674645.918270111083984,0.00293,0.00020,0.00008,0.00312,0.00042,0.00186,0.00862
1691674645.951618194580078,0.00296,0.00020,0.00004,0.00314,0.00011,0.00177,0.00821
1691674645.984966754913330,0.00519,0.00017,0.00008,0.00330,0.00009,0.00224,0.01108
1691674646.018314361572266,0.00617,0.00019,0.00010,0.00316,0.00031,0.00183,0.01176
1691674646.051662921905518,0.00347,0.00017,0.00008,0.00305,0.00022,0.00187,0.00886
1691674646.085009098052979,0.00334,0.00020,0.00002,0.00315,0.00016,0.00178,0.00865
1691674646.118357896804810,0.00308,0.00019,0.00002,0.00299,0.00011,0.00168,0.00808
1691674646.151706218719482,0.00433,0.00039,0.00005,0.00297,0.00069,0.00232,0.01076
1691674646.185055255889893,0.00354,0.00018,0.00002,0.00280,0.00030,0.00200,0.00884
1691674646.218403577804565,0.00464,0.00021,0.00012,0.00308,0.00037,0.00197,0.01039
1691674646.251752376556396,0.00274,0.00018,0.00004,0.00321,0.00031,0.00190,0.00838
1691674646.285099744796753,0.00296,0.00018,0.00004,0.00303,0.00031,0.00193,0.00845
1691674646.318449020385742,0.00672,0.00019,0.00004,0.00319,0.00048,0.00190,0.01252
1691674646.351796865463257,0.00279,0.00020,0.00006,0.00317,0.00008,0.00187,0.00818
1691674646.385146141052246,0.00587,0.00024,0.00004,0.00302,0.00025,0.00187,0.01129
1691674646.418493986129761,0.00321,0.00020,0.00004,0.00315,0.00102,0.00178,0.00941
1691674646.451843261718750,0.00329,0.00017,0.00004,0.00317,0.00024,0.00192,0.00882
1691674646.485191822052002,0.01004,0.00057,0.00010,0.00812,0.00047,0.00370,0.02301
1691674646.518540620803833,0.00457,0.00028,0.00005,0.00477,0.00018,0.00266,0.01252
1691674646.551888704299927,0.00408,0.00019,0.00004,0.00318,0.00068,0.00205,0.01023
1691674646.585237026214600,0.00283,0.00019,0.00007,0.00306,0.00042,0.00187,0.00844
1691674646.618585348129272,0.00328,0.00019,0.00005,0.00332,0.00023,0.00196,0.00902
1691674646.651934862136841,0.00290,0.00020,0.00004,0.00332,0.00033,0.00201,0.00881
1691674646.685281991958618,0.00322,0.00018,0.00007,0.00331,0.00029,0.00176,0.00883
1691674646.718630790710449,0.00369,0.00021,0.00004,0.00318,0.00046,0.00174,0.00932
1691674646.751978397369385,0.00479,0.00019,0.00004,0.00323,0.00008,0.00177,0.01010
1691674646.785326004028320,0.00296,0.00017,0.00002,0.00328,0.00024,0.00190,0.00858
1691674646.818674802780151,0.00413,0.00035,0.00007,0.00337,0.00063,0.00181,0.01036
1691674646.852024078369141,0.00345,0.00019,0.00007,0.00314,0.00022,0.00198,0.00907
1691674646.885370731353760,0.00286,0.00018,0.00005,0.00377,0.00016,0.00222,0.00925
1691674646.918719768524170,0.00304,0.00019,0.00008,0.00321,0.00019,0.00182,0.00854
1691674646.952065467834473,0.00456,0.00020,0.00008,0.00336,0.00070,0.00193,0.01082
1691674646.985414266586304,0.00618,0.00020,0.00013,0.00357,0.00039,0.00239,0.01285
1691674647.018762350082397,0.00300,0.00019,0.00007,0.00356,0.00021,0.00190,0.00893
1691674647.052111625671387,0.00381,0.00018,0.00006,0.00317,0.00034,0.00184,0.00940
1691674647.085458993911743,0.00682,0.00024,0.00002,0.00399,0.00030,0.00179,0.01317
1691674647.118807554244995,0.00340,0.00022,0.00002,0.00311,0.00050,0.00170,0.00895
1691674647.152155160903931,0.00405,0.00018,0.00002,0.00310,0.00009,0.00185,0.00929
1691674647.185503721237183,0.00934,0.00056,0.00005,0.01034,0.00133,0.00451,0.02614
1691674647.218851804733276,0.00324,0.00018,0.00005,0.00314,0.00060,0.00171,0.00893
1691674647.252200603485107,0.00436,0.00020,0.00004,0.00310,0.00023,0.00183,0.00977
1691674647.285548448562622,0.00306,0.00019,0.00003,0.00316,0.00018,0.00192,0.00855
1691674647.318897247314453,0.00367,0.00020,0.00004,0.00318,0.00123,0.00179,0.01011
1691674647.352245569229126,0.00301,0.00018,0.00005,0.00316,0.00067,0.00207,0.00915
1691674647.385594367980957,0.00358,0.00017,0.00003,0.00316,0.00038,0.00198,0.00930
1691674647.418942451477051,0.00355,0.00019,0.00004,0.00320,0.00021,0.00196,0.00913
1691674647.452291488647461,0.00381,0.00020,0.00004,0.00333,0.00032,0.00196,0.00965
1691674647.485639333724976,0.00290,0.00017,0.00004,0.00313,0.00036,0.00187,0.00847
1691674647.518987894058228,0.00313,0.00027,0.00006,0.00320,0.00047,0.00194,0.00907
1691674647.552335977554321,0.00321,0.00020,0.00004,0.00322,0.00009,0.00188,0.00864
1691674647.585684776306152,0.00302,0.00018,0.00004,0.00329,0.00050,0.00188,0.00891
1691674647.619032859802246,0.00330,0.00021,0.00004,0.00325,0.00065,0.00179,0.00926
1691674647.652381658554077,0.00340,0.00018,0.00004,0.00329,0.00025,0.00188,0.00905
1691674647.685729265213013,0.00276,0.00017,0.00004,0.00335,0.00015,0.00197,0.00843
1691674647.719078302383423,0.00288,0.00019,0.00004,0.00345,0.00029,0.00188,0.00873
1691674647.752426147460938,0.00306,0.00018,0.00004,0.00323,0.00069,0.00185,0.00905
1691674647.785774707794189,0.00595,0.00028,0.00006,0.00578,0.00061,0.00296,0.01564
1691674647.819122791290283,0.00554,0.00017,0.00003,0.00316,0.00019,0.00206,0.01116
1691674647.852471590042114,0.00315,0.00020,0.00004,0.00328,0.00029,0.00218,0.00914
1691674647.885819435119629,0.00277,0.00020,0.00004,0.00319,0.00035,0.00200,0.00855
1691674647.919168233871460,0.00330,0.00020,0.00004,0.00339,0.00046,0.00208,0.00946
1691674647.952516555786133,0.00297,0.00022,0.00004,0.00327,0.00009,0.00193,0.00851
1691674647.985865354537964,0.00298,0.00020,0.00004,0.00319,0.00051,0.00193,0.00885
1691674648.019213199615479,0.00614,0.00018,0.00003,0.00325,0.00060,0.00176,0.01195
1691674648.052562236785889,0.00282,0.00018,0.00004,0.00330,0.00024,0.00192,0.00850
