# timestamp (sec),tracking,propagation,msckf update,slam update,slam delayed,re-tri & marg,total
1691674611.640889883041382,0.00289,0.00015,0.00045,0.00000,0.00000,0.00230,0.00579
1691674611.667965888977051,0.00408,0.00012,0.00322,0.00000,0.00273,0.00157,0.01172
1691674611.701265096664429,0.00384,0.00012,0.00010,0.00042,0.00000,0.00144,0.00593
1691674611.734241485595703,0.00282,0.00018,0.00004,0.00054,0.00000,0.00259,0.00618
1691674611.767906665802002,0.00265,0.00015,0.00002,0.00042,0.00010,0.00299,0.00633
1691674611.801418781280518,0.00316,0.00017,0.00006,0.00062,0.00000,0.00184,0.00586
1691674611.834578990936279,0.00326,0.00016,0.00016,0.00052,0.00000,0.00185,0.00595
1691674611.867761135101318,0.00388,0.00016,0.00033,0.00048,0.00000,0.00169,0.00655
1691674611.900874137878418,0.00355,0.00017,0.00007,0.00051,0.00000,0.00191,0.00622
1691674611.934201002120972,0.00343,0.00015,0.00001,0.00051,0.00101,0.00182,0.00694
1691674611.967466115951538,0.00341,0.00017,0.00011,0.00064,0.00000,0.00199,0.00632
1691674612.000771522521973,0.00363,0.00015,0.00036,0.00062,0.00090,0.00176,0.00742
1691674612.034035682678223,0.00280,0.00015,0.00003,0.00078,0.00135,0.00220,0.00731
1691674612.067111015319824,0.00304,0.00017,0.00227,0.00085,0.02561,0.00163,0.03357
1691674612.100515842437744,0.00311,0.00020,0.00006,0.00366,0.00214,0.00199,0.01117
1691674612.133876323699951,0.00304,0.00020,0.00008,0.00479,0.00021,0.00215,0.01047
1691674612.167223215103149,0.00359,0.00023,0.00039,0.00445,0.00278,0.00163,0.01307
1691674612.200537919998169,0.00340,0.00022,0.00017,0.00517,0.00030,0.00177,0.01103
1691674612.233896970748901,0.00353,0.00021,0.00009,0.00498,0.00337,0.00167,0.01386
1691674612.267216444015503,0.00333,0.00022,0.00007,0.00584,0.00000,0.00239,0.01185
1691674612.300550937652588,0.00299,0.00024,0.00082,0.00506,0.00667,0.00194,0.01771
1691674612.333837747573853,0.00335,0.00026,0.00032,0.00769,0.00090,0.00209,0.01461
1691674612.367087602615356,0.00748,0.00022,0.00016,0.00614,0.00164,0.00227,0.01791
1691674612.400392055511475,0.00401,0.00026,0.00017,0.00658,0.00159,0.00200,0.01461
1691674612.433779716491699,0.00291,0.00023,0.00012,0.00715,0.00008,0.00264,0.01313
1691674612.467170000076294,0.00340,0.00028,0.00497,0.00684,0.00032,0.00210,0.01792
1691674612.500543355941772,0.00357,0.00020,0.00137,0.00981,0.00178,0.00264,0.01938
1691674612.533889770507812,0.00333,0.00025,0.00004,0.00734,0.00000,0.00236,0.01333
1691674612.567215681076050,0.00349,0.00023,0.00038,0.00608,0.00022,0.00178,0.01218
1691674612.600399494171143,0.00327,0.00022,0.00041,0.00609,0.00031,0.00175,0.01205
1691674612.633702993392944,0.00642,0.00022,0.00011,0.00583,0.00001,0.00191,0.01450
1691674612.667052745819092,0.01026,0.00064,0.00164,0.01143,0.00221,0.00380,0.02999
1691674612.700391769409180,0.00452,0.00019,0.00033,0.00494,0.00085,0.00180,0.01264
1691674612.733674287796021,0.00365,0.00023,0.00007,0.00495,0.00078,0.00202,0.01170
1691674612.767015933990479,0.00964,0.00046,0.00029,0.00996,0.00198,0.00390,0.02624
1691674612.800397872924805,0.00348,0.00020,0.00013,0.00494,0.00017,0.00192,0.01084
1691674612.833735704421997,0.00546,0.00019,0.00050,0.00531,0.00023,0.00192,0.01361
1691674612.867066621780396,0.00564,0.00031,0.00588,0.00589,0.00408,0.00207,0.02387
1691674612.900412321090698,0.00332,0.00021,0.00217,0.00611,0.00028,0.00255,0.01465
1691674612.933733701705933,0.00490,0.00023,0.00022,0.00516,0.00251,0.00199,0.01502
1691674612.967133522033691,0.00446,0.00039,0.00047,0.00557,0.00213,0.00179,0.01481
1691674613.000418663024902,0.00428,0.00021,0.00150,0.00482,0.00116,0.00184,0.01381
1691674613.033772230148315,0.00399,0.00021,0.00019,0.00475,0.00531,0.00210,0.01656
1691674613.067126274108887,0.00340,0.00025,0.00049,0.00566,0.00000,0.00274,0.01254
1691674613.100549221038818,0.00346,0.00024,0.00202,0.00574,0.00009,0.00175,0.01331
1691674613.133931398391724,0.00640,0.00022,0.00014,0.00838,0.00248,0.00247,0.02009
1691674613.167282819747925,0.00339,0.00022,0.00084,0.00574,0.00296,0.00240,0.01555
1691674613.200636386871338,0.00338,0.00021,0.00002,0.00642,0.00000,0.00175,0.01178
1691674613.234000921249390,0.00309,0.00022,0.00002,0.00650,0.00000,0.00198,0.01181
1691674613.267339229583740,0.00362,0.00022,0.00388,0.00608,0.00082,0.00184,0.01646
1691674613.300691604614258,0.00334,0.00020,0.00487,0.00649,0.00028,0.00187,0.01706
1691674613.334069252014160,0.00326,0.00024,0.00022,0.00675,0.00000,0.00215,0.01262
1691674613.367394924163818,0.00352,0.00028,0.00263,0.00657,0.00000,0.00179,0.01479
1691674613.400678873062134,0.00383,0.00023,0.00404,0.00599,0.00023,0.00237,0.01670
1691674613.434041261672974,0.00363,0.00023,0.00467,0.00657,0.00000,0.00242,0.01752
1691674613.467375278472900,0.00369,0.00033,0.00185,0.00600,0.00020,0.00179,0.01387
1691674613.500679492950439,0.00415,0.00024,0.00007,0.00575,0.00094,0.00181,0.01297
1691674613.534050941467285,0.00316,0.00023,0.00265,0.00570,0.00138,0.00270,0.01582
1691674613.567477226257324,0.00361,0.00021,0.00096,0.00483,0.00126,0.00188,0.01275
1691674613.600857496261597,0.00371,0.00020,0.00012,0.00461,0.00004,0.00168,0.01036
1691674613.634214878082275,0.00307,0.00019,0.00022,0.00419,0.00001,0.00185,0.00954
1691674613.667532205581665,0.00409,0.00018,0.00011,0.00348,0.00710,0.00178,0.01674
1691674613.700836420059204,0.00322,0.00020,0.00258,0.00411,0.00427,0.00244,0.01683
1691674613.734210491180420,0.00326,0.00022,0.00077,0.00445,0.00083,0.00180,0.01133
1691674613.767616271972656,0.00358,0.00019,0.00114,0.00695,0.00452,0.00180,0.01818
1691674613.800945281982422,0.00337,0.00022,0.00036,0.00467,0.00576,0.00186,0.01624
1691674613.834330081939697,0.00332,0.00021,0.00019,0.00521,0.00164,0.00192,0.01250
1691674613.867669820785522,0.00329,0.00021,0.00004,0.00569,0.00159,0.00192,0.01274
1691674613.901019334793091,0.00339,0.00022,0.00009,0.00602,0.00218,0.00179,0.01369
1691674613.934340476989746,0.00325,0.00022,0.00296,0.00735,0.00149,0.00185,0.01712
1691674613.967695474624634,0.00602,0.00033,0.00160,0.00640,0.00007,0.00219,0.01662
1691674614.001043796539307,0.00407,0.00021,0.00012,0.00553,0.00024,0.00175,0.01192
1691674614.034415006637573,0.00300,0.00021,0.00012,0.00573,0.00231,0.00179,0.01316
1691674614.067778348922729,0.00859,0.00038,0.00028,0.01375,0.00000,0.00235,0.02536
1691674614.101117849349976,0.00318,0.00019,0.00009,0.00517,0.00447,0.00189,0.01500
1691674614.134449481964111,0.00327,0.00023,0.00152,0.00600,0.00265,0.00183,0.01550
1691674614.167795658111572,0.00321,0.00021,0.00205,0.00605,0.00277,0.00214,0.01643
1691674614.201144695281982,0.00697,0.00021,0.00110,0.00768,0.00000,0.00176,0.01772
1691674614.234432935714722,0.00316,0.00027,0.00378,0.00662,0.00000,0.00210,0.01592
1691674614.267785787582397,0.00438,0.00020,0.00015,0.00626,0.00086,0.00189,0.01375
1691674614.301153659820557,0.00315,0.00024,0.00002,0.00624,0.00399,0.00175,0.01539
1691674614.334491729736328,0.00333,0.00022,0.00254,0.00738,0.00000,0.00216,0.01563
1691674614.367857694625854,0.00411,0.00026,0.00371,0.00695,0.00023,0.00216,0.01741
1691674614.401183605194092,0.00379,0.00025,0.00025,0.00616,0.00024,0.00193,0.01262
1691674614.434559822082520,0.00299,0.00021,0.00033,0.00638,0.00172,0.00283,0.01446
1691674614.467955350875854,0.00359,0.00023,0.00002,0.00635,0.00000,0.00173,0.01192
1691674614.501317501068115,0.00323,0.00020,0.00008,0.00614,0.00168,0.00191,0.01323
1691674614.534662008285522,0.00368,0.00035,0.00021,0.00613,0.00159,0.00175,0.01371
1691674614.568012952804565,0.00345,0.00022,0.00002,0.00631,0.00050,0.00165,0.01215
1691674614.601352214813232,0.00390,0.00023,0.00026,0.00608,0.00035,0.00176,0.01259
1691674614.634727478027344,0.00443,0.00020,0.00192,0.00595,0.00593,0.00185,0.02028
1691674614.668100357055664,0.00307,0.00021,0.00016,0.00683,0.00000,0.00171,0.01198
1691674614.701452493667603,0.00440,0.00020,0.00096,0.00671,0.00000,0.00169,0.01396
1691674614.734803676605225,0.00350,0.00020,0.00034,0.00551,0.00346,0.00245,0.01546
1691674614.768155336380005,0.00358,0.00021,0.00060,0.00630,0.00155,0.00233,0.01457
1691674614.801493406295776,0.00290,0.00020,0.00045,0.00582,0.00000,0.00177,0.01114
1691674614.834844827651978,0.00810,0.00035,0.00012,0.00941,0.00040,0.00211,0.02050
1691674614.868196010589600,0.00295,0.00021,0.00189,0.00621,0.00458,0.00189,0.01772
1691674614.901549100875854,0.01334,0.00050,0.00139,0.01281,0.00011,0.00248,0.03065
1691674614.934913158416748,0.00391,0.00022,0.00014,0.00759,0.00168,0.00170,0.01524
1691674614.968277215957642,0.00471,0.00022,0.00070,0.00714,0.00108,0.00298,0.01683
1691674615.001621246337891,0.00418,0.00043,0.00035,0.00738,0.00102,0.00230,0.01566
1691674615.034967184066772,0.00490,0.00025,0.00030,0.00765,0.00028,0.00286,0.01625
1691674615.068301677703857,0.00430,0.00021,0.00094,0.00671,0.00019,0.00180,0.01416
1691674615.101644515991211,0.00388,0.00021,0.00035,0.00655,0.00290,0.00172,0.01561
1691674615.135002851486206,0.00324,0.00020,0.00010,0.00728,0.00008,0.00278,0.01368
1691674615.168359041213989,0.00402,0.00031,0.00012,0.00743,0.00140,0.00228,0.01557
1691674615.201681852340698,0.00357,0.00023,0.00269,0.00692,0.00023,0.00183,0.01546
1691674615.235022783279419,0.00392,0.00022,0.00093,0.00710,0.00002,0.00192,0.01411
1691674615.268357753753662,0.00353,0.00028,0.00031,0.00621,0.00154,0.00211,0.01399
1691674615.301646709442139,0.00336,0.00020,0.00021,0.00644,0.00093,0.00250,0.01364
1691674615.334990024566650,0.00348,0.00022,0.00017,0.00710,0.00157,0.00220,0.01475
1691674615.368334293365479,0.00466,0.00037,0.00097,0.00705,0.00136,0.00172,0.01612
1691674615.401663064956665,0.00452,0.00030,0.00112,0.00738,0.00026,0.00169,0.01526
1691674615.435007095336914,0.00365,0.00028,0.00014,0.00639,0.00148,0.00157,0.01351
1691674615.468358993530273,0.00369,0.00021,0.00006,0.00738,0.00006,0.00168,0.01308
1691674615.501708745956421,0.00308,0.00021,0.00014,0.00611,0.00394,0.00208,0.01556
1691674615.535056114196777,0.00357,0.00021,0.00015,0.00623,0.00006,0.00280,0.01303
1691674615.568401098251343,0.00459,0.00027,0.00004,0.00643,0.00149,0.00178,0.01459
1691674615.601739883422852,0.00440,0.00019,0.00028,0.00638,0.00264,0.00166,0.01555
1691674615.635060548782349,0.00359,0.00021,0.00249,0.00728,0.00280,0.00213,0.01851
1691674615.668390989303589,0.00446,0.00024,0.00065,0.00926,0.00000,0.00159,0.01620
1691674615.701748609542847,0.00321,0.00047,0.00061,0.00636,0.00000,0.00183,0.01248
1691674615.735109567642212,0.00425,0.00020,0.00088,0.00640,0.00148,0.00188,0.01509
1691674615.768463373184204,0.00425,0.00022,0.00008,0.00665,0.00083,0.00179,0.01383
1691674615.801805973052979,0.00452,0.00023,0.00015,0.00723,0.00026,0.00209,0.01448
1691674615.835159778594971,0.00311,0.00021,0.00002,0.00691,0.00233,0.00220,0.01478
1691674615.868515968322754,0.00306,0.00025,0.00012,0.00715,0.00006,0.00166,0.01230
1691674615.901866436004639,0.00315,0.00022,0.00014,0.00647,0.00137,0.00160,0.01296
1691674615.935213565826416,0.00333,0.00037,0.00008,0.00716,0.00203,0.00226,0.01523
1691674615.968587636947632,0.00343,0.00025,0.00057,0.00638,0.00000,0.00175,0.01238
1691674616.001963615417480,0.00309,0.00021,0.00007,0.00610,0.00000,0.00180,0.01126
1691674616.035309553146362,0.00316,0.00019,0.00090,0.00581,0.00167,0.00160,0.01332
1691674616.068659782409668,0.00292,0.00020,0.00022,0.00656,0.00160,0.00166,0.01315
1691674616.101984977722168,0.00273,0.00022,0.00139,0.00713,0.00104,0.00224,0.01474
1691674616.135312318801880,0.00524,0.00026,0.00160,0.00616,0.00133,0.00168,0.01628
1691674616.168639421463013,0.00337,0.00021,0.00018,0.00590,0.00000,0.00157,0.01124
1691674616.201967000961304,0.00463,0.00027,0.00007,0.00583,0.00170,0.00170,0.01420
1691674616.235312223434448,0.00341,0.00023,0.00127,0.00651,0.00401,0.00193,0.01735
1691674616.268637895584106,0.00291,0.00022,0.00050,0.00688,0.00000,0.00171,0.01222
1691674616.301933526992798,0.01327,0.00072,0.00059,0.01564,0.00401,0.00234,0.03657
1691674616.335245132446289,0.00357,0.00024,0.00070,0.00719,0.00000,0.00177,0.01347
1691674616.368586778640747,0.00290,0.00022,0.00004,0.00657,0.00223,0.00188,0.01384
1691674616.401959896087646,0.00311,0.00021,0.00140,0.00644,0.00000,0.00199,0.01315
1691674616.435313463211060,0.00302,0.00022,0.00151,0.00592,0.00424,0.00162,0.01653
1691674616.468677043914795,0.00319,0.00021,0.00007,0.00689,0.00006,0.00167,0.01208
1691674616.502054452896118,0.00341,0.00023,0.00124,0.00637,0.00363,0.00180,0.01669
1691674616.535406112670898,0.00369,0.00036,0.00011,0.00780,0.00280,0.00238,0.01715
1691674616.568754434585571,0.00331,0.00023,0.00044,0.00658,0.00000,0.00174,0.01231
1691674616.602105140686035,0.00348,0.00028,0.00060,0.00560,0.00010,0.00166,0.01172
1691674616.635454654693604,0.00376,0.00024,0.00064,0.00569,0.00140,0.00162,0.01335
1691674616.668808221817017,0.00372,0.00022,0.00004,0.00524,0.00217,0.00175,0.01314
1691674616.702185153961182,0.01243,0.00054,0.00112,0.00907,0.00145,0.00205,0.02665
1691674616.735548257827759,0.00353,0.00023,0.00055,0.00534,0.00006,0.00222,0.01194
1691674616.768908977508545,0.00326,0.00021,0.00009,0.00522,0.00004,0.00189,0.01072
1691674616.802252292633057,0.00299,0.00021,0.00031,0.00494,0.00120,0.00162,0.01127
1691674616.835612535476685,0.00318,0.00019,0.00002,0.00528,0.00405,0.00186,0.01459
1691674616.868969917297363,0.00286,0.00021,0.00009,0.00561,0.00024,0.00196,0.01098
1691674616.902322292327881,0.00322,0.00020,0.00011,0.00486,0.00025,0.00175,0.01040
1691674616.935665607452393,0.00469,0.00020,0.00024,0.00546,0.00022,0.00187,0.01269
1691674616.969003438949585,0.00299,0.00021,0.00018,0.00542,0.00145,0.00171,0.01196
1691674617.002333641052246,0.00410,0.00020,0.00002,0.00591,0.00079,0.00173,0.01274
1691674617.035666942596436,0.00297,0.00025,0.00080,0.00583,0.00212,0.00151,0.01347
1691674617.069011449813843,0.00318,0.00021,0.00109,0.00584,0.00140,0.00188,0.01361
1691674617.102368354797363,0.00303,0.00020,0.00021,0.00504,0.00221,0.00187,0.01256
1691674617.135733127593994,0.00317,0.00022,0.00140,0.00648,0.00198,0.00206,0.01532
1691674617.169095754623413,0.00301,0.00021,0.00013,0.00479,0.00004,0.00186,0.01003
1691674617.202456474304199,0.00297,0.00023,0.00009,0.00444,0.00131,0.00165,0.01069
1691674617.235808134078979,0.00298,0.00019,0.00016,0.00484,0.00032,0.00186,0.01036
1691674617.269149065017700,0.00848,0.00081,0.00039,0.01828,0.00696,0.00250,0.03743
1691674617.302486658096313,0.00356,0.00023,0.00014,0.00580,0.00197,0.00174,0.01344
1691674617.335839748382568,0.00280,0.00023,0.00002,0.00595,0.00262,0.00165,0.01327
1691674617.369193792343140,0.00303,0.00022,0.00013,0.00588,0.00000,0.00169,0.01095
1691674617.402580738067627,0.00316,0.00021,0.00017,0.00481,0.00351,0.00164,0.01349
1691674617.435954093933105,0.00484,0.00022,0.00066,0.00560,0.00007,0.00169,0.01307
1691674617.469305038452148,0.00862,0.00064,0.00109,0.01211,0.00002,0.00286,0.02534
1691674617.502668619155884,0.00337,0.00020,0.00021,0.00511,0.00143,0.00161,0.01194
1691674617.536011934280396,0.00430,0.00021,0.00036,0.00523,0.00016,0.00297,0.01324
1691674617.569359064102173,0.00357,0.00021,0.00013,0.00543,0.00251,0.00187,0.01372
1691674617.602710008621216,0.00287,0.00019,0.00006,0.00550,0.00005,0.00162,0.01030
1691674617.636077165603638,0.00337,0.00019,0.00001,0.00544,0.00000,0.00184,0.01086
1691674617.669429540634155,0.00301,0.00021,0.00011,0.00537,0.00006,0.00165,0.01042
1691674617.702779769897461,0.00328,0.00020,0.00011,0.00573,0.00020,0.00188,0.01140
1691674617.736125469207764,0.00373,0.00019,0.00007,0.00506,0.00000,0.00172,0.01078
1691674617.769469738006592,0.00432,0.00024,0.00013,0.00474,0.00024,0.00168,0.01137
1691674617.802805423736572,0.00376,0.00020,0.00012,0.00469,0.00250,0.00167,0.01294
1691674617.836150407791138,0.00344,0.00019,0.00053,0.00492,0.00006,0.00174,0.01087
1691674617.869502067565918,0.00359,0.00029,0.00006,0.00494,0.00002,0.00224,0.01113
1691674617.902876853942871,0.00313,0.00017,0.00010,0.00430,0.00070,0.00175,0.01015
1691674617.936233520507812,0.00313,0.00019,0.00011,0.00417,0.00345,0.00210,0.01314
1691674617.969591379165649,0.00348,0.00020,0.00008,0.00477,0.00019,0.00203,0.01075
1691674618.002959251403809,0.00309,0.00020,0.00007,0.00460,0.00089,0.00201,0.01088
1691674618.036300659179688,0.00374,0.00019,0.00003,0.00510,0.00000,0.00214,0.01120
1691674618.069660902023315,0.00292,0.00024,0.00023,0.00501,0.00992,0.00168,0.01999
1691674618.103038549423218,0.00308,0.00021,0.00008,0.00691,0.00000,0.00163,0.01192
1691674618.136381626129150,0.00335,0.00028,0.00134,0.00662,0.00470,0.00165,0.01793
1691674618.169740200042725,0.00304,0.00027,0.00199,0.00628,0.00019,0.00159,0.01337
1691674618.203082323074341,0.00284,0.00022,0.00275,0.00558,0.00026,0.00176,0.01341
1691674618.236434221267700,0.00323,0.00021,0.00147,0.00497,0.00032,0.00160,0.01179
1691674618.269787549972534,0.00366,0.00022,0.00029,0.00483,0.00044,0.00166,0.01110
1691674618.303136825561523,0.01134,0.00062,0.00073,0.01318,0.00030,0.00269,0.02886
1691674618.336471319198608,0.00404,0.00019,0.00012,0.00436,0.00019,0.00169,0.01059
1691674618.369815111160278,0.00324,0.00021,0.00011,0.00444,0.00127,0.00202,0.01129
1691674618.403153657913208,0.00683,0.00034,0.00027,0.00659,0.00026,0.00232,0.01661
1691674618.436500072479248,0.01065,0.00060,0.00012,0.01156,0.00016,0.00337,0.02647
1691674618.469846010208130,0.00419,0.00031,0.00005,0.00522,0.00085,0.00182,0.01243
1691674618.503184080123901,0.00417,0.00021,0.00109,0.00452,0.00020,0.00255,0.01273
1691674618.536543130874634,0.00332,0.00021,0.00056,0.00461,0.00143,0.00243,0.01256
1691674618.569909334182739,0.00342,0.00021,0.00002,0.00431,0.00145,0.00176,0.01118
1691674618.603278160095215,0.00356,0.00021,0.00098,0.00455,0.00486,0.00170,0.01587
1691674618.636637210845947,0.00338,0.00024,0.00010,0.00494,0.00214,0.00168,0.01248
1691674618.669980049133301,0.00320,0.00021,0.00013,0.00512,0.00125,0.00169,0.01161
1691674618.703334331512451,0.00676,0.00022,0.00047,0.00486,0.00017,0.00166,0.01414
1691674618.736681222915649,0.00312,0.00020,0.00002,0.00521,0.00000,0.00160,0.01015
1691674618.770034313201904,0.00307,0.00022,0.00014,0.00477,0.00041,0.00196,0.01057
1691674618.803402185440063,0.00328,0.00022,0.00067,0.00510,0.00132,0.00172,0.01230
1691674618.836785793304443,0.00643,0.00022,0.00071,0.00585,0.00008,0.00168,0.01497
1691674618.870166778564453,0.00307,0.00021,0.00017,0.00477,0.00083,0.00171,0.01077
1691674618.903523921966553,0.00309,0.00022,0.00047,0.00458,0.00000,0.00166,0.01001
1691674618.936889648437500,0.00334,0.00024,0.00013,0.00469,0.00064,0.00182,0.01085
1691674618.970246076583862,0.00345,0.00020,0.00013,0.00469,0.00389,0.00203,0.01439
1691674619.003599882125854,0.00300,0.00027,0.00016,0.00519,0.00274,0.00187,0.01323
1691674619.036954164505005,0.00384,0.00030,0.00002,0.00602,0.00292,0.00176,0.01486
1691674619.070296525955200,0.00316,0.00021,0.00055,0.00588,0.00305,0.00258,0.01544
1691674619.103655815124512,0.00298,0.00023,0.00025,0.00606,0.00038,0.00169,0.01159
1691674619.137041807174683,0.00328,0.00026,0.00313,0.00637,0.00002,0.00234,0.01539
1691674619.170401334762573,0.00339,0.00021,0.00035,0.00546,0.00010,0.00261,0.01212
1691674619.203761577606201,0.00331,0.00019,0.00007,0.00492,0.00000,0.00188,0.01037
1691674619.237138509750366,0.00416,0.00024,0.00055,0.00498,0.00140,0.00182,0.01315
1691674619.270492315292358,0.00334,0.00020,0.00023,0.00415,0.00010,0.00168,0.00970
1691674619.303864479064941,0.00335,0.00019,0.00002,0.00384,0.00377,0.00184,0.01301
1691674619.337245702743530,0.00311,0.00026,0.00038,0.00409,0.00815,0.00166,0.01766
1691674619.370611667633057,0.00324,0.00020,0.00017,0.00528,0.00020,0.00183,0.01093
1691674619.403989791870117,0.00329,0.00022,0.00015,0.00550,0.00227,0.00195,0.01338
1691674619.437412023544312,0.00461,0.00028,0.00025,0.00641,0.00150,0.00197,0.01502
1691674619.470852375030518,0.00363,0.00028,0.00038,0.00504,0.00006,0.00178,0.01117
1691674619.504267692565918,0.00436,0.00020,0.00003,0.00430,0.00128,0.00167,0.01185
1691674619.537643671035767,0.00600,0.00020,0.00115,0.00447,0.00917,0.00179,0.02278
1691674619.570981979370117,0.00352,0.00021,0.00014,0.00580,0.00148,0.00179,0.01295
1691674619.604337692260742,0.00318,0.00022,0.00013,0.00595,0.00005,0.00232,0.01185
1691674619.637701988220215,0.00607,0.00029,0.00021,0.00806,0.00025,0.00182,0.01669
1691674619.671058654785156,0.00356,0.00021,0.00008,0.00695,0.00272,0.00185,0.01537
1691674619.704409599304199,0.00466,0.00020,0.00002,0.00664,0.00083,0.00174,0.01410
1691674619.737751722335815,0.00367,0.00034,0.00048,0.00663,0.00039,0.00180,0.01332
1691674619.771095514297485,0.00396,0.00044,0.00017,0.00601,0.00000,0.00173,0.01232
1691674619.804444789886475,0.00357,0.00020,0.00044,0.00572,0.00143,0.00167,0.01303
1691674619.837792634963989,0.00394,0.00020,0.00018,0.00537,0.00199,0.00164,0.01331
1691674619.871154069900513,0.00949,0.00074,0.00078,0.01562,0.00050,0.00318,0.03031
1691674619.904561996459961,0.00357,0.00022,0.00009,0.00577,0.00135,0.00197,0.01296
1691674619.937929153442383,0.00323,0.00024,0.00008,0.00576,0.00490,0.00195,0.01616
1691674619.971296072006226,0.00628,0.00022,0.00004,0.00676,0.00110,0.00173,0.01614
1691674620.004693031311035,0.00504,0.00023,0.00136,0.00631,0.00437,0.00188,0.01918
1691674620.038050413131714,0.00408,0.00019,0.00123,0.00641,0.00026,0.00187,0.01405
1691674620.071427106857300,0.00334,0.00022,0.00067,0.00635,0.00210,0.00181,0.01449
1691674620.104832887649536,0.00801,0.00024,0.00023,0.00681,0.00007,0.00177,0.01714
1691674620.138232231140137,0.00290,0.00021,0.00016,0.00582,0.00027,0.00194,0.01131
1691674620.171609878540039,0.00315,0.00022,0.00038,0.00526,0.00001,0.00167,0.01069
1691674620.204968214035034,0.01220,0.00048,0.00042,0.00872,0.00027,0.00265,0.02474
1691674620.238322973251343,0.00350,0.00020,0.00032,0.00429,0.00041,0.00189,0.01061
1691674620.271675348281860,0.00321,0.00022,0.00014,0.00419,0.00023,0.00179,0.00979
1691674620.305035114288330,0.00361,0.00019,0.00022,0.00422,0.00167,0.00170,0.01161
1691674620.338385343551636,0.00293,0.00020,0.00032,0.00488,0.00027,0.00178,0.01038
1691674620.371741533279419,0.00349,0.00019,0.00030,0.00434,0.00146,0.00172,0.01151
1691674620.405104160308838,0.00339,0.00019,0.00011,0.00465,0.00167,0.00243,0.01244
1691674620.438467502593994,0.00351,0.00028,0.00024,0.00492,0.00204,0.00178,0.01278
1691674620.471815109252930,0.00443,0.00025,0.00024,0.00507,0.00000,0.00171,0.01170
1691674620.505164623260498,0.00701,0.00019,0.00062,0.00482,0.00172,0.00211,0.01647
1691674620.538509845733643,0.00403,0.00046,0.00013,0.00448,0.00149,0.00214,0.01273
1691674620.571862220764160,0.00434,0.00021,0.00116,0.00436,0.00139,0.00165,0.01311
1691674620.605223655700684,0.00470,0.00027,0.00025,0.00500,0.00047,0.00160,0.01230
1691674620.638591766357422,0.00388,0.00036,0.00134,0.00524,0.00148,0.00180,0.01409
1691674620.671964168548584,0.00427,0.00025,0.00007,0.00542,0.00411,0.00177,0.01590
1691674620.705331563949585,0.00347,0.00021,0.00013,0.00571,0.00025,0.00168,0.01145
1691674620.738713026046753,0.00311,0.00023,0.00049,0.00583,0.00305,0.00195,0.01466
1691674620.772077322006226,0.00678,0.00025,0.00037,0.00688,0.00006,0.00225,0.01659
1691674620.805480003356934,0.00326,0.00019,0.00108,0.00635,0.00210,0.00211,0.01510
1691674620.838920354843140,0.00347,0.00040,0.00015,0.00798,0.00220,0.00170,0.01590
1691674620.872291326522827,0.00401,0.00035,0.00371,0.00696,0.00135,0.00167,0.01806
1691674620.905663490295410,0.00338,0.00021,0.00002,0.00746,0.00037,0.00201,0.01346
1691674620.939066171646118,0.00351,0.00027,0.00306,0.00641,0.00159,0.00211,0.01695
1691674620.972426891326904,0.00351,0.00022,0.00007,0.00640,0.00000,0.00194,0.01214
1691674621.005784511566162,0.00324,0.00021,0.00010,0.00591,0.00149,0.00252,0.01346
1691674621.039144992828369,0.00462,0.00025,0.00009,0.00611,0.00299,0.00213,0.01618
1691674621.072498559951782,0.00321,0.00031,0.00018,0.00674,0.00153,0.00189,0.01386
1691674621.105855941772461,0.00511,0.00022,0.00010,0.00772,0.00061,0.00225,0.01601
1691674621.139208316802979,0.00357,0.00028,0.00064,0.00795,0.00000,0.00217,0.01461
1691674621.172556877136230,0.00333,0.00020,0.00067,0.00670,0.00007,0.00195,0.01292
1691674621.205909013748169,0.00981,0.00038,0.00051,0.00976,0.00179,0.00193,0.02418
1691674621.239260911941528,0.00343,0.00023,0.00203,0.00660,0.00009,0.00216,0.01456
1691674621.272626161575317,0.00662,0.00022,0.00011,0.00576,0.00134,0.00160,0.01565
1691674621.305980205535889,0.00328,0.00021,0.00003,0.00672,0.00007,0.00166,0.01197
1691674621.339328289031982,0.00286,0.00040,0.00024,0.00669,0.00098,0.00163,0.01281
1691674621.372674703598022,0.00434,0.00019,0.00014,0.00617,0.00129,0.00168,0.01382
1691674621.406038522720337,0.00353,0.00021,0.00049,0.00540,0.00001,0.00167,0.01132
1691674621.439407825469971,0.00319,0.00025,0.00059,0.00407,0.00233,0.00156,0.01200
1691674621.472755908966064,0.00380,0.00033,0.00045,0.00449,0.00222,0.00198,0.01327
1691674621.506105422973633,0.01227,0.00069,0.00011,0.01567,0.00062,0.00342,0.03278
1691674621.539460182189941,0.00377,0.00045,0.00021,0.00476,0.00000,0.00186,0.01105
1691674621.572833776473999,0.00306,0.00023,0.00002,0.00434,0.00074,0.00189,0.01028
1691674621.606200218200684,0.00268,0.00019,0.00017,0.00409,0.00148,0.00187,0.01048
1691674621.639563560485840,0.00270,0.00022,0.00002,0.00459,0.00007,0.00169,0.00928
1691674621.672933816909790,0.00272,0.00022,0.00010,0.00438,0.00498,0.00173,0.01412
1691674621.706284046173096,0.00265,0.00023,0.00002,0.00533,0.00081,0.00175,0.01080
1691674621.739632368087769,0.00268,0.00024,0.00018,0.00525,0.00033,0.00212,0.01080
1691674621.772989749908447,0.00266,0.00022,0.00081,0.00563,0.00526,0.00175,0.01633
1691674621.806345462799072,0.00275,0.00020,0.00052,0.00643,0.00000,0.00189,0.01180
1691674621.839712142944336,0.00383,0.00023,0.00061,0.00522,0.00131,0.00167,0.01286
1691674621.873076438903809,0.00288,0.00026,0.00010,0.00525,0.00126,0.00175,0.01150
1691674621.906439542770386,0.00699,0.00019,0.00033,0.00474,0.00038,0.00208,0.01471
1691674621.939791440963745,0.00302,0.00022,0.00016,0.00465,0.00021,0.00189,0.01016
1691674621.973140478134155,0.00284,0.00033,0.00032,0.00386,0.00000,0.00169,0.00904
1691674622.006500720977783,0.00265,0.00020,0.00012,0.00384,0.00079,0.00152,0.00912
1691674622.039866209030151,0.00280,0.00019,0.00020,0.00407,0.00023,0.00202,0.00952
1691674622.073227167129517,0.00309,0.00019,0.00019,0.00357,0.00078,0.00188,0.00970
1691674622.106611013412476,0.00283,0.00022,0.00007,0.00346,0.00000,0.00176,0.00835
1691674622.140005826950073,0.00279,0.00021,0.00018,0.00308,0.00134,0.00166,0.00925
1691674622.173352479934692,0.00298,0.00021,0.00023,0.00310,0.00240,0.00169,0.01061
1691674622.206788539886475,0.01034,0.00061,0.00025,0.00774,0.00000,0.00308,0.02203
1691674622.240275859832764,0.00424,0.00017,0.00011,0.00262,0.00015,0.00172,0.00901
1691674622.273695945739746,0.00303,0.00021,0.00007,0.00299,0.00335,0.00180,0.01145
1691674622.307047843933105,0.00323,0.00021,0.00015,0.00303,0.00022,0.00157,0.00840
1691674622.340406894683838,0.00639,0.00019,0.00013,0.00317,0.00000,0.00175,0.01162
1691674622.373763084411621,0.00405,0.00019,0.00061,0.00245,0.00256,0.00187,0.01174
1691674622.407118320465088,0.00266,0.00019,0.00094,0.00285,0.00067,0.00159,0.00890
1691674622.440481185913086,0.01169,0.00057,0.00081,0.00713,0.00147,0.00313,0.02481
1691674622.473836421966553,0.00447,0.00038,0.00006,0.00563,0.00013,0.00235,0.01303
1691674622.507192373275757,0.00326,0.00021,0.00018,0.00256,0.00121,0.00207,0.00948
1691674622.540547370910645,0.00320,0.00018,0.00006,0.00248,0.00228,0.00190,0.01010
1691674622.573899745941162,0.00330,0.00032,0.00094,0.00268,0.00035,0.00159,0.00919
1691674622.607244253158569,0.00329,0.00018,0.00014,0.00278,0.00018,0.00163,0.00819
1691674622.640606403350830,0.00366,0.00019,0.00014,0.00250,0.00059,0.00159,0.00868
1691674622.673984050750732,0.00305,0.00018,0.00044,0.00239,0.00271,0.00189,0.01067
1691674622.707341909408569,0.00579,0.00017,0.00007,0.00242,0.00006,0.00168,0.01020
1691674622.740720033645630,0.00315,0.00018,0.00017,0.00171,0.00392,0.00181,0.01094
1691674622.774062156677246,0.00399,0.00020,0.00027,0.00194,0.00074,0.00175,0.00888
1691674622.807409524917603,0.00258,0.00018,0.00011,0.00202,0.00006,0.00158,0.00652
1691674622.840770006179810,0.00288,0.00019,0.00167,0.00176,0.00118,0.00155,0.00922
1691674622.874146938323975,0.01146,0.00056,0.00191,0.00396,0.00215,0.00294,0.02298
1691674622.907562017440796,0.00329,0.00019,0.00011,0.00206,0.00297,0.00176,0.01039
1691674622.940955638885498,0.00352,0.00019,0.00013,0.00258,0.00074,0.00165,0.00880
1691674622.974321603775024,0.00298,0.00019,0.00032,0.00232,0.00179,0.00154,0.00914
1691674623.007709026336670,0.00329,0.00029,0.00024,0.00279,0.00189,0.00165,0.01015
1691674623.041076183319092,0.00278,0.00018,0.00012,0.00269,0.00038,0.00162,0.00778
1691674623.074421882629395,0.00735,0.00020,0.00003,0.00295,0.00006,0.00166,0.01225
1691674623.107791185379028,0.00304,0.00018,0.00007,0.00274,0.00184,0.00171,0.00957
1691674623.141157388687134,0.00264,0.00020,0.00008,0.00283,0.00321,0.00213,0.01109
1691674623.174506902694702,0.00605,0.00018,0.00008,0.00310,0.00029,0.00172,0.01143
1691674623.207864046096802,0.00326,0.00025,0.00002,0.00336,0.00006,0.00181,0.00877
1691674623.241212606430054,0.00366,0.00021,0.00002,0.00350,0.00083,0.00183,0.01004
1691674623.274563074111938,0.00636,0.00036,0.00114,0.00511,0.00253,0.00261,0.01811
1691674623.307912111282349,0.00342,0.00039,0.00006,0.00333,0.00048,0.00201,0.00970
1691674623.341261863708496,0.00320,0.00026,0.00013,0.00332,0.00021,0.00169,0.00881
1691674623.374624013900757,0.00384,0.00024,0.00105,0.00301,0.00163,0.00167,0.01145
1691674623.407979965209961,0.00298,0.00020,0.00022,0.00287,0.00208,0.00152,0.00988
1691674623.441330671310425,0.00357,0.00018,0.00012,0.00326,0.00005,0.00161,0.00880
1691674623.474689245223999,0.01019,0.00061,0.00164,0.00804,0.00046,0.00356,0.02449
1691674623.508052349090576,0.00357,0.00024,0.00046,0.00295,0.00006,0.00181,0.00909
1691674623.541410446166992,0.00390,0.00019,0.00031,0.00283,0.00181,0.00183,0.01086
1691674623.574800729751587,0.00299,0.00018,0.00029,0.00286,0.00063,0.00185,0.00881
1691674623.608193874359131,0.00310,0.00020,0.00053,0.00271,0.00017,0.00168,0.00840
1691674623.641544818878174,0.00495,0.00020,0.00021,0.00287,0.00009,0.00210,0.01041
1691674623.674893140792847,0.00536,0.00018,0.00029,0.00264,0.00015,0.00177,0.01040
1691674623.708251476287842,0.00607,0.00026,0.00012,0.00240,0.00103,0.00184,0.01172
1691674623.741608858108521,0.00391,0.00019,0.00007,0.00264,0.00000,0.00189,0.00871
1691674623.774981498718262,0.00368,0.00018,0.00030,0.00247,0.00555,0.00175,0.01392
1691674623.808333873748779,0.00336,0.00020,0.00036,0.00314,0.00241,0.00184,0.01131
1691674623.841694593429565,0.00310,0.00020,0.00002,0.00351,0.00262,0.00200,0.01146
1691674623.875051975250244,0.00327,0.00019,0.00002,0.00375,0.00128,0.00190,0.01043
1691674623.908402919769287,0.00323,0.00021,0.00014,0.00352,0.00006,0.00163,0.00880
1691674623.941756725311279,0.00678,0.00021,0.00020,0.00343,0.00208,0.00173,0.01444
1691674623.975109338760376,0.00644,0.00019,0.00062,0.00332,0.00489,0.00181,0.01727
1691674624.008461475372314,0.00613,0.00020,0.00021,0.00370,0.00075,0.00180,0.01278
1691674624.041811227798462,0.00494,0.00020,0.00075,0.00370,0.00194,0.00171,0.01325
1691674624.075164794921875,0.00291,0.00020,0.00010,0.00466,0.00091,0.00178,0.01056
1691674624.108520746231079,0.00335,0.00025,0.00025,0.00340,0.00036,0.00212,0.00973
1691674624.141868829727173,0.00331,0.00020,0.00021,0.00319,0.00030,0.00177,0.00898
1691674624.175222396850586,0.00562,0.00019,0.00034,0.00260,0.00043,0.00225,0.01143
1691674624.208580970764160,0.00407,0.00022,0.00011,0.00278,0.00029,0.00186,0.00932
1691674624.241936683654785,0.00288,0.00019,0.00002,0.00249,0.00148,0.00174,0.00880
1691674624.275284528732300,0.00284,0.00020,0.00017,0.00224,0.00028,0.00200,0.00772
1691674624.308640480041504,0.01323,0.00059,0.00037,0.00916,0.00762,0.00320,0.03417
1691674624.342007637023926,0.00372,0.00020,0.00066,0.00212,0.00280,0.00176,0.01127
1691674624.375383377075195,0.00367,0.00038,0.00191,0.00212,0.00180,0.00179,0.01168
1691674624.408760070800781,0.00303,0.00023,0.00020,0.00228,0.00002,0.00214,0.00791
1691674624.442132234573364,0.00417,0.00030,0.00013,0.00212,0.00015,0.00165,0.00852
1691674624.475496292114258,0.00311,0.00018,0.00019,0.00166,0.00105,0.00161,0.00780
1691674624.508852481842041,0.00339,0.00025,0.00013,0.00196,0.00030,0.00197,0.00800
1691674624.542200565338135,0.00373,0.00017,0.00002,0.00196,0.00116,0.00165,0.00868
1691674624.575549840927124,0.00322,0.00019,0.00002,0.00230,0.00020,0.00175,0.00768
1691674624.608904838562012,0.00321,0.00025,0.00052,0.00175,0.00218,0.00173,0.00964
1691674624.642249345779419,0.00360,0.00017,0.00011,0.00219,0.00197,0.00205,0.01010
1691674624.675597190856934,0.00360,0.00023,0.00003,0.00264,0.00021,0.00182,0.00853
1691674624.708950757980347,0.00349,0.00028,0.00058,0.00250,0.00060,0.00177,0.00924
1691674624.742302417755127,0.00357,0.00018,0.00019,0.00284,0.00076,0.00181,0.00935
1691674624.775656938552856,0.00380,0.00024,0.00026,0.00356,0.00165,0.00173,0.01125
1691674624.809007167816162,0.00318,0.00025,0.00052,0.00267,0.00076,0.00173,0.00911
1691674624.842358589172363,0.00369,0.00026,0.00006,0.00294,0.00041,0.00215,0.00952
1691674624.875711679458618,0.00810,0.00035,0.00024,0.00585,0.00354,0.00345,0.02154
1691674624.909060239791870,0.00823,0.00018,0.00035,0.00249,0.00111,0.00225,0.01461
1691674624.942408323287964,0.00355,0.00019,0.00011,0.00257,0.00223,0.00173,0.01039
1691674624.975758314132690,0.00373,0.00018,0.00022,0.00296,0.00646,0.00195,0.01550
1691674625.009108304977417,0.00347,0.00021,0.00083,0.00399,0.00027,0.00186,0.01063
1691674625.042466878890991,0.00347,0.00019,0.00015,0.00303,0.00024,0.00179,0.00888
1691674625.075817823410034,0.01049,0.00056,0.00183,0.00673,0.00030,0.00362,0.02352
1691674625.109166383743286,0.00396,0.00022,0.00029,0.00233,0.00011,0.00179,0.00871
1691674625.142533063888550,0.00462,0.00022,0.00071,0.00240,0.00449,0.00205,0.01449
1691674625.175893545150757,0.00350,0.00020,0.00044,0.00301,0.00037,0.00191,0.00943
1691674625.209243535995483,0.00330,0.00019,0.00006,0.00310,0.00009,0.00178,0.00852
1691674625.242596387863159,0.00365,0.00021,0.00009,0.00313,0.00045,0.00197,0.00950
1691674625.275949478149414,0.00380,0.00018,0.00056,0.00294,0.00016,0.00186,0.00950
1691674625.309300184249878,0.00381,0.00019,0.00044,0.00300,0.00021,0.00220,0.00986
1691674625.342650175094604,0.00335,0.00019,0.00010,0.00336,0.00360,0.00200,0.01260
1691674625.375997781753540,0.00351,0.00021,0.00007,0.00314,0.00150,0.00212,0.01056
1691674625.409347772598267,0.00388,0.00021,0.00043,0.00322,0.00061,0.00208,0.01043
1691674625.442702054977417,0.00352,0.00020,0.00052,0.00354,0.00024,0.00203,0.01006
1691674625.476053953170776,0.00366,0.00025,0.00012,0.00291,0.00014,0.00195,0.00903
1691674625.509405374526978,0.00436,0.00019,0.00031,0.00264,0.00043,0.00194,0.00988
1691674625.542753458023071,0.00343,0.00018,0.00013,0.00248,0.00122,0.00203,0.00948
1691674625.576099395751953,0.00351,0.00017,0.00144,0.00231,0.00226,0.00202,0.01172
1691674625.609444856643677,0.00340,0.00020,0.00017,0.00214,0.00126,0.00176,0.00892
1691674625.642790079116821,0.00380,0.00018,0.00023,0.00194,0.00099,0.00186,0.00900
1691674625.676139831542969,0.00371,0.00019,0.00015,0.00218,0.00509,0.00184,0.01316
1691674625.709488868713379,0.00416,0.00019,0.00015,0.00296,0.00320,0.00182,0.01249
1691674625.742835521697998,0.00334,0.00019,0.00016,0.00489,0.00239,0.00207,0.01305
1691674625.776187181472778,0.01085,0.00057,0.00010,0.00836,0.00479,0.00302,0.02768
1691674625.809540271759033,0.00374,0.00021,0.00036,0.00307,0.00173,0.00170,0.01080
1691674625.842894315719604,0.00327,0.00020,0.00137,0.00325,0.00193,0.00192,0.01196
1691674625.876245737075806,0.00334,0.00017,0.00022,0.00305,0.00335,0.00196,0.01209
1691674625.909609079360962,0.00389,0.00020,0.00074,0.00339,0.00012,0.00178,0.01013
1691674625.942980289459229,0.00334,0.00019,0.00068,0.00358,0.00148,0.00200,0.01127
1691674625.976340055465698,0.00469,0.00021,0.00037,0.00336,0.00034,0.00193,0.01089
1691674626.009695529937744,0.00732,0.00020,0.00072,0.00323,0.00031,0.00191,0.01369
1691674626.043056964874268,0.00588,0.00027,0.00030,0.00436,0.00556,0.00257,0.01894
1691674626.076412439346313,0.00408,0.00026,0.00052,0.00350,0.00129,0.00182,0.01147
1691674626.109763383865356,0.00460,0.00020,0.00050,0.00341,0.00130,0.00191,0.01193
1691674626.143114566802979,0.00330,0.00019,0.00041,0.00360,0.00102,0.00176,0.01028
1691674626.176472663879395,0.01135,0.00061,0.00074,0.00851,0.00921,0.00323,0.03365
1691674626.209830522537231,0.00449,0.00020,0.00104,0.00463,0.00490,0.00232,0.01758
1691674626.243180036544800,0.00316,0.00020,0.00004,0.00471,0.00123,0.00208,0.01142
1691674626.276529073715210,0.00469,0.00024,0.00094,0.00408,0.00009,0.00201,0.01204
1691674626.309878826141357,0.00387,0.00020,0.00002,0.00387,0.00097,0.00173,0.01066
1691674626.343228578567505,0.00342,0.00020,0.00062,0.00438,0.00022,0.00202,0.01087
1691674626.376585960388184,0.00807,0.00036,0.00013,0.00507,0.00059,0.00199,0.01621
1691674626.409936189651489,0.00334,0.00021,0.00056,0.00365,0.00071,0.00187,0.01034
1691674626.443306922912598,0.00358,0.00019,0.00002,0.00399,0.00145,0.00191,0.01115
1691674626.476659297943115,0.00607,0.00021,0.00057,0.00375,0.00067,0.00181,0.01307
1691674626.510005474090576,0.00420,0.00021,0.00027,0.00350,0.00151,0.00192,0.01161
1691674626.543354749679565,0.01450,0.00083,0.00177,0.01149,0.00566,0.00257,0.03682
1691674626.576687574386597,0.00385,0.00021,0.00018,0.00391,0.00067,0.00180,0.01062
1691674626.610018014907837,0.00334,0.00019,0.00020,0.00469,0.00069,0.00181,0.01092
1691674626.643368482589722,0.00335,0.00020,0.00046,0.00421,0.00070,0.00184,0.01075
1691674626.676716327667236,0.00338,0.00020,0.00002,0.00397,0.00010,0.00204,0.00972
1691674626.710065603256226,0.00341,0.00021,0.00011,0.00410,0.00109,0.00215,0.01107
1691674626.743430137634277,0.01085,0.00063,0.00158,0.01291,0.00259,0.00257,0.03112
1691674626.776770114898682,0.00397,0.00019,0.00044,0.00402,0.00616,0.00195,0.01673
1691674626.810117244720459,0.00358,0.00020,0.00013,0.00477,0.00339,0.00246,0.01453
1691674626.843470573425293,0.00323,0.00021,0.00030,0.00800,0.00506,0.00182,0.01862
1691674626.876819133758545,0.00344,0.00022,0.00018,0.00576,0.00000,0.00174,0.01134
1691674626.910166025161743,0.00378,0.00021,0.00062,0.00591,0.00012,0.00200,0.01264
1691674626.943511962890625,0.00772,0.00042,0.00036,0.00828,0.00165,0.00186,0.02028
1691674626.976857185363770,0.00409,0.00020,0.00011,0.00606,0.00065,0.00194,0.01304
1691674627.010203599929810,0.00410,0.00024,0.00022,0.00606,0.00000,0.00190,0.01251
1691674627.043549299240112,0.00304,0.00021,0.00018,0.00741,0.00257,0.00216,0.01556
1691674627.076895713806152,0.00363,0.00024,0.00019,0.00612,0.00009,0.00204,0.01231
1691674627.110244989395142,0.01075,0.00035,0.00038,0.00889,0.00047,0.00240,0.02324
1691674627.143593311309814,0.00323,0.00022,0.00127,0.00547,0.00612,0.00175,0.01805
1691674627.176943778991699,0.00295,0.00023,0.00004,0.00630,0.00145,0.00176,0.01274
1691674627.210291385650635,0.00297,0.00029,0.00027,0.00624,0.00169,0.00171,0.01319
1691674627.243631601333618,0.00455,0.00029,0.00092,0.00635,0.00212,0.00171,0.01595
1691674627.276973962783813,0.00366,0.00024,0.00064,0.00620,0.00022,0.00167,0.01263
1691674627.310320854187012,0.00390,0.00030,0.00034,0.00629,0.00011,0.00228,0.01322
1691674627.343665122985840,0.00345,0.00039,0.00013,0.00644,0.00078,0.00170,0.01289
1691674627.377011060714722,0.00356,0.00042,0.00091,0.00620,0.00120,0.00175,0.01404
1691674627.410355567932129,0.00386,0.00026,0.00008,0.00660,0.00000,0.00170,0.01250
1691674627.443698644638062,0.00297,0.00028,0.00020,0.00629,0.00178,0.00174,0.01328
1691674627.477042913436890,0.00343,0.00022,0.00020,0.00624,0.00163,0.00173,0.01345
1691674627.510393381118774,0.00328,0.00020,0.00007,0.00691,0.00035,0.00229,0.01309
1691674627.543743133544922,0.01269,0.00069,0.00350,0.01405,0.00033,0.00270,0.03396
1691674627.577093601226807,0.00461,0.00030,0.00045,0.00640,0.00000,0.00181,0.01357
1691674627.610440731048584,0.00328,0.00029,0.00033,0.00636,0.00158,0.00180,0.01365
1691674627.643788099288940,0.00379,0.00022,0.00012,0.00640,0.00009,0.00177,0.01240
1691674627.677134990692139,0.00395,0.00022,0.00073,0.00567,0.00129,0.00161,0.01348
1691674627.710484027862549,0.00312,0.00022,0.00016,0.00633,0.00290,0.00183,0.01456
1691674627.743829727172852,0.00315,0.00022,0.00026,0.00565,0.00000,0.00162,0.01090
1691674627.777177572250366,0.00314,0.00023,0.00010,0.00529,0.00141,0.00176,0.01192
1691674627.810524225234985,0.00298,0.00018,0.00003,0.00571,0.00000,0.00171,0.01061
1691674627.843872547149658,0.00279,0.00020,0.00044,0.00543,0.00179,0.00179,0.01244
1691674627.877219200134277,0.00292,0.00022,0.00007,0.00564,0.00009,0.00185,0.01080
1691674627.910568714141846,0.00712,0.00027,0.00021,0.00512,0.00030,0.00181,0.01483
1691674627.943913936614990,0.00302,0.00019,0.00027,0.00456,0.00112,0.00187,0.01103
1691674627.977264881134033,0.00996,0.00096,0.00039,0.01270,0.00168,0.00312,0.02881
1691674628.010602951049805,0.00369,0.00022,0.00008,0.00548,0.00293,0.00191,0.01432
1691674628.043945789337158,0.01098,0.00105,0.00066,0.01140,0.00703,0.00231,0.03342
1691674628.077290773391724,0.00306,0.00022,0.00076,0.00490,0.00000,0.00190,0.01085
1691674628.110635757446289,0.00301,0.00018,0.00008,0.00492,0.00173,0.00179,0.01171
1691674628.143981933593750,0.00325,0.00020,0.00010,0.00504,0.00126,0.00163,0.01148
1691674628.177328824996948,0.00313,0.00021,0.00009,0.00470,0.00143,0.00175,0.01131
1691674628.210674762725830,0.00286,0.00021,0.00055,0.00685,0.00034,0.00195,0.01276
1691674628.244021654129028,0.00305,0.00020,0.00007,0.00532,0.00241,0.00173,0.01278
1691674628.277367591857910,0.00301,0.00029,0.00023,0.00599,0.00009,0.00175,0.01136
1691674628.310714960098267,0.00348,0.00020,0.00040,0.00567,0.00039,0.00181,0.01196
1691674628.344059705734253,0.00309,0.00019,0.00004,0.00589,0.00256,0.00167,0.01344
1691674628.377406835556030,0.00375,0.00028,0.00016,0.00552,0.00000,0.00167,0.01138
1691674628.410753488540649,0.00305,0.00020,0.00008,0.00511,0.00026,0.00170,0.01040
1691674628.444101333618164,0.00323,0.00034,0.00028,0.00512,0.00000,0.00166,0.01064
1691674628.477449178695679,0.00371,0.00020,0.00012,0.00481,0.00117,0.00166,0.01167
1691674628.510796785354614,0.00297,0.00018,0.00006,0.00613,0.00214,0.00160,0.01308
1691674628.544143438339233,0.00652,0.00035,0.00011,0.00511,0.00000,0.00199,0.01408
1691674628.577490091323853,0.00357,0.00019,0.00002,0.00500,0.00026,0.00203,0.01107
1691674628.610835790634155,0.00413,0.00019,0.00040,0.00547,0.00131,0.00184,0.01334
1691674628.644181013107300,0.00308,0.00020,0.00002,0.00582,0.00354,0.00168,0.01433
1691674628.677526712417603,0.00314,0.00035,0.00041,0.00604,0.00039,0.00166,0.01199
1691674628.710874557495117,0.00353,0.00021,0.00002,0.00588,0.00075,0.00171,0.01210
1691674628.744218826293945,0.00345,0.00025,0.00017,0.00603,0.00052,0.00166,0.01207
1691674628.777561426162720,0.00521,0.00020,0.00014,0.00532,0.00128,0.00186,0.01401
1691674628.810905456542969,0.00368,0.00020,0.00021,0.00564,0.00000,0.00174,0.01149
1691674628.844252824783325,0.00339,0.00020,0.00070,0.00578,0.00000,0.00172,0.01180
1691674628.877598762512207,0.01031,0.00057,0.00022,0.01589,0.00000,0.00300,0.02999
1691674628.910943984985352,0.00386,0.00020,0.00079,0.00510,0.00025,0.00161,0.01182
1691674628.944291830062866,0.00285,0.00020,0.00002,0.00541,0.00126,0.00156,0.01130
1691674628.977640390396118,0.00787,0.00043,0.00004,0.00944,0.00147,0.00247,0.02172
1691674629.010986566543579,0.00317,0.00020,0.00002,0.00542,0.00028,0.00165,0.01074
1691674629.044332265853882,0.00301,0.00023,0.00008,0.00544,0.00110,0.00274,0.01260
1691674629.077677965164185,0.00332,0.00040,0.00111,0.00707,0.00096,0.00169,0.01456
1691674629.111025333404541,0.00353,0.00020,0.00094,0.00587,0.00292,0.00179,0.01524
1691674629.144371986389160,0.00623,0.00044,0.00005,0.00623,0.00310,0.00177,0.01782
1691674629.177723646163940,0.00332,0.00024,0.00043,0.00663,0.00000,0.00162,0.01224
1691674629.211074113845825,0.00520,0.00021,0.00002,0.00670,0.00000,0.00187,0.01402
1691674629.244421720504761,0.00362,0.00026,0.00008,0.00630,0.00000,0.00176,0.01202
1691674629.277770042419434,0.00337,0.00031,0.00002,0.00570,0.00000,0.00168,0.01108
1691674629.311122179031372,0.00298,0.00021,0.00008,0.00527,0.00024,0.00192,0.01070
1691674629.344473361968994,0.00333,0.00021,0.00017,0.00546,0.00026,0.00180,0.01123
1691674629.377816677093506,0.00320,0.00021,0.00009,0.00519,0.00022,0.00177,0.01068
1691674629.411158561706543,0.00332,0.00019,0.00031,0.00492,0.00269,0.00168,0.01310
1691674629.444507360458374,0.00307,0.00021,0.00017,0.00541,0.00157,0.00187,0.01230
1691674629.477859973907471,0.00395,0.00034,0.00191,0.00497,0.00046,0.00173,0.01337
1691674629.511205434799194,0.00316,0.00020,0.00016,0.00529,0.00131,0.00175,0.01188
1691674629.544553279876709,0.00315,0.00019,0.00076,0.00598,0.00017,0.00169,0.01194
1691674629.577897787094116,0.00301,0.00021,0.00015,0.00551,0.00021,0.00203,0.01112
1691674629.611244916915894,0.00765,0.00028,0.00292,0.00615,0.00000,0.00260,0.01960
1691674629.644593238830566,0.00485,0.00041,0.00073,0.00445,0.00121,0.00161,0.01327
1691674629.677942991256714,0.00442,0.00025,0.00171,0.00414,0.00000,0.00162,0.01215
1691674629.711291074752808,0.00379,0.00032,0.00113,0.00423,0.00071,0.00243,0.01261
1691674629.744638442993164,0.00478,0.00021,0.00044,0.00720,0.00000,0.00262,0.01525
1691674629.777986049652100,0.00358,0.00020,0.00015,0.00493,0.00068,0.00209,0.01163
1691674629.811332941055298,0.00350,0.00018,0.00009,0.00365,0.00009,0.00168,0.00919
1691674629.844681024551392,0.00312,0.00018,0.00084,0.00348,0.00131,0.00259,0.01153
1691674629.878026723861694,0.00317,0.00028,0.00092,0.00334,0.00011,0.00182,0.00964
1691674629.911374568939209,0.00353,0.00017,0.00008,0.00327,0.00117,0.00229,0.01052
1691674629.944717168807983,0.00278,0.00017,0.00049,0.00404,0.00443,0.00170,0.01363
1691674629.978061437606812,0.00311,0.00020,0.00020,0.00390,0.00341,0.00167,0.01248
1691674630.011401414871216,0.00324,0.00017,0.00061,0.00371,0.00000,0.00170,0.00944
1691674630.044739246368408,0.00299,0.00020,0.00025,0.00361,0.00127,0.00169,0.01001
1691674630.078076601028442,0.00327,0.00020,0.00054,0.00366,0.00222,0.00164,0.01153
1691674630.111421823501587,0.00303,0.00019,0.00075,0.00391,0.00466,0.00172,0.01426
1691674630.144764661788940,0.00358,0.00021,0.00037,0.00394,0.00115,0.00172,0.01097
1691674630.178105354309082,0.00340,0.00020,0.00110,0.00400,0.00128,0.00175,0.01172
1691674630.211438179016113,0.00394,0.00020,0.00090,0.00435,0.00009,0.00172,0.01120
1691674630.244782924652100,0.00321,0.00020,0.00012,0.00408,0.00029,0.00180,0.00970
1691674630.278132915496826,0.00271,0.00020,0.00014,0.00408,0.00172,0.00170,0.01054
1691674630.311480522155762,0.00471,0.00017,0.00006,0.00395,0.00006,0.00193,0.01088
1691674630.344825983047485,0.00387,0.00028,0.00056,0.00390,0.00005,0.00170,0.01036
1691674630.378167629241943,0.00570,0.00021,0.00002,0.00396,0.00109,0.00160,0.01260
1691674630.411511659622192,0.00346,0.00024,0.00002,0.00396,0.00000,0.00187,0.00955
1691674630.444858551025391,0.00286,0.00020,0.00002,0.00411,0.00137,0.00174,0.01029
1691674630.478204250335693,0.00324,0.00020,0.00007,0.00431,0.00138,0.00166,0.01087
1691674630.511550188064575,0.00311,0.00022,0.00043,0.00437,0.00290,0.00183,0.01286
1691674630.544892787933350,0.00302,0.00021,0.00002,0.00463,0.00000,0.00183,0.00971
1691674630.578239679336548,0.00322,0.00018,0.00002,0.00458,0.00016,0.00176,0.00992
1691674630.611585855484009,0.00331,0.00029,0.00003,0.00540,0.00010,0.00234,0.01148
1691674630.644931793212891,0.00284,0.00020,0.00010,0.00424,0.00510,0.00188,0.01437
1691674630.678277969360352,0.00275,0.00020,0.00016,0.00484,0.00255,0.00174,0.01224
1691674630.711626529693604,0.00358,0.00020,0.00013,0.00476,0.00020,0.00182,0.01070
1691674630.744973182678223,0.00299,0.00022,0.00002,0.00532,0.00282,0.00177,0.01316
1691674630.778319120407104,0.01231,0.00044,0.00053,0.01061,0.00000,0.00241,0.02630
1691674630.811659336090088,0.00403,0.00024,0.00009,0.00470,0.00123,0.00173,0.01202
1691674630.844991207122803,0.00297,0.00018,0.00011,0.00386,0.00051,0.00201,0.00964
1691674630.878333091735840,0.00751,0.00047,0.00035,0.00702,0.00277,0.00261,0.02074
1691674630.911679506301880,0.00314,0.00020,0.00053,0.00429,0.00159,0.00162,0.01138
1691674630.945012331008911,0.00380,0.00018,0.00007,0.00436,0.00006,0.00169,0.01016
1691674630.978356361389160,0.00326,0.00020,0.00007,0.00441,0.00081,0.00162,0.01037
1691674631.011699914932251,0.00291,0.00020,0.00007,0.00432,0.00009,0.00164,0.00923
1691674631.045038700103760,0.00271,0.00018,0.00055,0.00426,0.00034,0.00165,0.00970
1691674631.078377962112427,0.00278,0.00018,0.00048,0.00406,0.00006,0.00232,0.00988
1691674631.111726045608521,0.00363,0.00032,0.00032,0.00389,0.00118,0.00226,0.01160
1691674631.145071983337402,0.00996,0.00065,0.00138,0.01154,0.00332,0.00249,0.02935
1691674631.178417682647705,0.00289,0.00021,0.00002,0.00442,0.00123,0.00175,0.01052
1691674631.211764097213745,0.00263,0.00021,0.00010,0.00432,0.00000,0.00188,0.00914
1691674631.245111227035522,0.00675,0.00030,0.00015,0.00690,0.00063,0.00166,0.01640
1691674631.278457880020142,0.00330,0.00021,0.00073,0.00406,0.00497,0.00183,0.01510
1691674631.311804294586182,0.00293,0.00021,0.00027,0.00560,0.00081,0.00173,0.01155
1691674631.345149517059326,0.01293,0.00092,0.00007,0.01779,0.00229,0.00272,0.03672
1691674631.378494977951050,0.00270,0.00019,0.00010,0.00469,0.00261,0.00166,0.01196
1691674631.411840438842773,0.00287,0.00022,0.00002,0.00522,0.00078,0.00159,0.01070
1691674631.445180654525757,0.00296,0.00020,0.00002,0.00500,0.00021,0.00166,0.01004
1691674631.478514909744263,0.00295,0.00020,0.00068,0.00438,0.00006,0.00191,0.01017
1691674631.511862993240356,0.00582,0.00020,0.00026,0.00398,0.00056,0.00181,0.01264
1691674631.545211315155029,0.00292,0.00018,0.00010,0.00358,0.00000,0.00199,0.00878
1691674631.578557968139648,0.00284,0.00021,0.00090,0.00306,0.00000,0.00166,0.00867
1691674631.611896514892578,0.00550,0.00018,0.00013,0.00324,0.00040,0.00153,0.01098
1691674631.645238876342773,0.00322,0.00020,0.00011,0.00302,0.00073,0.00162,0.00891
1691674631.678582906723022,0.00924,0.00056,0.00005,0.00756,0.00000,0.00288,0.02029
1691674631.711917400360107,0.00332,0.00022,0.00019,0.00379,0.00154,0.00177,0.01083
1691674631.745261192321777,0.01304,0.00051,0.00023,0.00876,0.00012,0.00264,0.02529
1691674631.778607845306396,0.00334,0.00020,0.00002,0.00375,0.00020,0.00261,0.01013
1691674631.811950922012329,0.00386,0.00030,0.00021,0.00318,0.00008,0.00185,0.00949
1691674631.845293283462524,0.00407,0.00019,0.00006,0.00287,0.00011,0.00198,0.00928
1691674631.878639698028564,0.00307,0.00019,0.00014,0.00292,0.00028,0.00289,0.00949
1691674631.911986827850342,0.00303,0.00018,0.00017,0.00268,0.00005,0.00159,0.00770
1691674631.945332050323486,0.00333,0.00022,0.00002,0.00277,0.00103,0.00174,0.00911
1691674631.978681087493896,0.00311,0.00018,0.00051,0.00226,0.00400,0.00160,0.01165
1691674632.012025117874146,0.00304,0.00018,0.00115,0.00295,0.00574,0.00169,0.01474
1691674632.045373439788818,0.00322,0.00019,0.00088,0.00321,0.00045,0.00154,0.00949
1691674632.078720808029175,0.00293,0.00020,0.00010,0.00314,0.00476,0.00161,0.01275
1691674632.112069368362427,0.00341,0.00023,0.00004,0.00376,0.00015,0.00172,0.00931
1691674632.145410537719727,0.00380,0.00020,0.00081,0.00367,0.00128,0.00181,0.01157
1691674632.178760528564453,0.00265,0.00019,0.00183,0.00344,0.00012,0.00148,0.00972
1691674632.212092161178589,0.00343,0.00022,0.00006,0.00322,0.00006,0.00168,0.00866
1691674632.245426416397095,0.00275,0.00018,0.00011,0.00317,0.00174,0.00195,0.00991
1691674632.278777599334717,0.01207,0.00067,0.00122,0.00764,0.00192,0.00275,0.02628
1691674632.312116861343384,0.00286,0.00019,0.00006,0.00321,0.00024,0.00169,0.00825
1691674632.345430612564087,0.00267,0.00019,0.00038,0.00282,0.00000,0.00205,0.00810
1691674632.378767967224121,0.00423,0.00023,0.00011,0.00308,0.00159,0.00211,0.01136
1691674632.412115573883057,0.00307,0.00020,0.00011,0.00347,0.00159,0.00159,0.01002
1691674632.445457458496094,0.00405,0.00019,0.00006,0.00355,0.00157,0.00168,0.01110
1691674632.478801488876343,0.00312,0.00020,0.00008,0.00359,0.00469,0.00158,0.01327
1691674632.512148380279541,0.00319,0.00021,0.00009,0.00436,0.00368,0.00192,0.01345
1691674632.545496463775635,0.00383,0.00018,0.00002,0.00514,0.00000,0.00164,0.01081
1691674632.578845739364624,0.00310,0.00019,0.00015,0.00505,0.00009,0.00162,0.01020
1691674632.612192869186401,0.00312,0.00021,0.00002,0.00516,0.00133,0.00189,0.01173
1691674632.645543813705444,0.00322,0.00025,0.00002,0.00578,0.00243,0.00173,0.01343
1691674632.678889751434326,0.00309,0.00021,0.00066,0.00609,0.00263,0.00164,0.01432
1691674632.712238788604736,0.00290,0.00021,0.00002,0.00642,0.00007,0.00202,0.01164
1691674632.745584964752197,0.00552,0.00025,0.00042,0.00677,0.00000,0.00191,0.01488
1691674632.778929710388184,0.00305,0.00022,0.00002,0.00632,0.00403,0.00171,0.01535
1691674632.812275171279907,0.00302,0.00023,0.00002,0.00700,0.00000,0.00185,0.01212
1691674632.845620870590210,0.00324,0.00023,0.00337,0.00615,0.00038,0.00173,0.01511
1691674632.878970146179199,0.00338,0.00024,0.00009,0.00676,0.00041,0.00168,0.01257
1691674632.912320137023926,0.00337,0.00027,0.00132,0.00566,0.00046,0.00164,0.01273
1691674632.945665836334229,0.00378,0.00035,0.00030,0.00584,0.00015,0.00150,0.01192
1691674632.979015111923218,0.00268,0.00020,0.00033,0.00579,0.00079,0.00197,0.01178
1691674633.012363433837891,0.00627,0.00022,0.00013,0.00573,0.00100,0.00191,0.01527
1691674633.045706033706665,0.00299,0.00019,0.00002,0.00567,0.00000,0.00177,0.01064
1691674633.079049825668335,0.00299,0.00021,0.00008,0.00602,0.00000,0.00161,0.01092
1691674633.112399101257324,0.00358,0.00032,0.00003,0.00591,0.00089,0.00173,0.01246
1691674633.145746469497681,0.00346,0.00019,0.00002,0.00673,0.00000,0.00167,0.01206
1691674633.179096460342407,0.00312,0.00034,0.00086,0.00572,0.00133,0.00158,0.01296
1691674633.212444782257080,0.00264,0.00024,0.00018,0.00544,0.00020,0.00191,0.01061
1691674633.245793342590332,0.00322,0.00019,0.00009,0.00496,0.00033,0.00174,0.01053
1691674633.279140949249268,0.00932,0.00048,0.00054,0.01067,0.00011,0.00349,0.02462
1691674633.312490940093994,0.00300,0.00020,0.00010,0.00485,0.00082,0.00173,0.01070
1691674633.345839023590088,0.00359,0.00019,0.00013,0.00478,0.00091,0.00182,0.01142
1691674633.379188537597656,0.00671,0.00036,0.00017,0.00666,0.00250,0.00204,0.01845
1691674633.412539720535278,0.00313,0.00023,0.00020,0.00462,0.00025,0.00165,0.01009
1691674633.445893049240112,0.01094,0.00066,0.00057,0.01160,0.00267,0.00263,0.02906
1691674633.479242801666260,0.00440,0.00023,0.00120,0.00462,0.00018,0.00176,0.01238
1691674633.512593030929565,0.00993,0.00061,0.00150,0.01144,0.00030,0.00263,0.02641
1691674633.545940399169922,0.00329,0.00023,0.00019,0.00475,0.00000,0.00171,0.01016
1691674633.579291343688965,0.00347,0.00024,0.00005,0.00421,0.00000,0.00171,0.00968
1691674633.612637519836426,0.00305,0.00022,0.00004,0.00389,0.00000,0.00194,0.00913
1691674633.645983219146729,0.00503,0.00020,0.00013,0.00398,0.00387,0.00165,0.01485
1691674633.679329156875610,0.00299,0.00023,0.00023,0.00437,0.00131,0.00163,0.01076
1691674633.712681055068970,0.00330,0.00019,0.00221,0.00416,0.00532,0.00156,0.01675
1691674633.746028900146484,0.00276,0.00020,0.00021,0.00377,0.00237,0.00175,0.01106
1691674633.779377937316895,0.00266,0.00019,0.00016,0.00389,0.00032,0.00163,0.00884
1691674633.812727212905884,0.00282,0.00020,0.00030,0.00397,0.00052,0.00178,0.00959
1691674633.846077203750610,0.00263,0.00017,0.00001,0.00482,0.00000,0.00230,0.00995
1691674633.879422664642334,0.00609,0.00020,0.00011,0.00466,0.00018,0.00200,0.01324
1691674633.912768125534058,0.00290,0.00020,0.00007,0.00390,0.00122,0.00186,0.01015
1691674633.946113109588623,0.00496,0.00020,0.00032,0.00295,0.00346,0.00167,0.01356
1691674633.979462146759033,0.00269,0.00025,0.00033,0.00269,0.00038,0.00171,0.00806
1691674634.012813329696655,0.00276,0.00019,0.00026,0.00309,0.00035,0.00164,0.00829
1691674634.046166896820068,0.00312,0.00020,0.00020,0.00344,0.00069,0.00158,0.00924
1691674634.079516887664795,0.00288,0.00019,0.00014,0.00362,0.00027,0.00162,0.00873
1691674634.112865924835205,0.00300,0.00029,0.00010,0.00399,0.00155,0.00154,0.01047
1691674634.146210908889771,0.00329,0.00019,0.00014,0.00335,0.00000,0.00160,0.00857
1691674634.179552793502808,0.00265,0.00019,0.00032,0.00367,0.00075,0.00178,0.00936
1691674634.212893009185791,0.00972,0.00031,0.00058,0.00631,0.00000,0.00336,0.02028
1691674634.246238231658936,0.00298,0.00021,0.00001,0.00339,0.00000,0.00197,0.00857
1691674634.279584407806396,0.00401,0.00017,0.00007,0.00343,0.00001,0.00187,0.00957
1691674634.312932252883911,0.00325,0.00017,0.00007,0.00322,0.00073,0.00183,0.00927
1691674634.346276044845581,0.00324,0.00019,0.00007,0.00325,0.00105,0.00170,0.00951
1691674634.379621744155884,0.00308,0.00019,0.00007,0.00334,0.00008,0.00175,0.00851
1691674634.412969112396240,0.00343,0.00018,0.00027,0.00369,0.00394,0.00195,0.01347
1691674634.446314573287964,0.00303,0.00023,0.00012,0.00374,0.00309,0.00172,0.01193
1691674634.479662418365479,0.00386,0.00019,0.00039,0.00374,0.00014,0.00168,0.00999
1691674634.513014316558838,0.00305,0.00019,0.00045,0.00373,0.00343,0.00162,0.01246
1691674634.546363115310669,0.00317,0.00021,0.00009,0.00419,0.00392,0.00163,0.01322
1691674634.579709529876709,0.00295,0.00019,0.00011,0.00453,0.00148,0.00197,0.01123
1691674634.613053798675537,0.00303,0.00027,0.00016,0.00472,0.00077,0.00187,0.01081
1691674634.646399974822998,0.00393,0.00020,0.00025,0.00457,0.00010,0.00190,0.01095
1691674634.679744482040405,0.00329,0.00018,0.00002,0.00455,0.00036,0.00196,0.01037
1691674634.713090181350708,0.00274,0.00020,0.00031,0.00378,0.00026,0.00181,0.00909
1691674634.746433973312378,0.00290,0.00026,0.00020,0.00371,0.00135,0.00177,0.01018
1691674634.779781818389893,0.00293,0.00019,0.00075,0.00323,0.00155,0.00201,0.01066
1691674634.813129901885986,0.00307,0.00020,0.00019,0.00295,0.00167,0.00188,0.00997
1691674634.846479654312134,0.01351,0.00066,0.00146,0.01006,0.00418,0.00294,0.03282
1691674634.879825115203857,0.00487,0.00019,0.00059,0.00401,0.00000,0.00200,0.01167
1691674634.913169860839844,0.00339,0.00020,0.00010,0.00374,0.00053,0.00192,0.00988
1691674634.946518659591675,0.00737,0.00020,0.00011,0.00364,0.00121,0.00186,0.01440
1691674634.979867458343506,0.00337,0.00021,0.00057,0.00352,0.00148,0.00214,0.01129
1691674635.013216972351074,0.00771,0.00020,0.00007,0.00346,0.00321,0.00197,0.01662
1691674635.046569108963013,0.00347,0.00019,0.00029,0.00265,0.00223,0.00210,0.01094
1691674635.079919338226318,0.00665,0.00021,0.00118,0.00293,0.00025,0.00183,0.01305
1691674635.113264799118042,0.00302,0.00019,0.00050,0.00270,0.00171,0.00173,0.00985
1691674635.146610975265503,0.00369,0.00024,0.00071,0.00356,0.00006,0.00174,0.01000
1691674635.179961442947388,0.00645,0.00020,0.00025,0.00347,0.00308,0.00203,0.01547
1691674635.213308572769165,0.00319,0.00019,0.00014,0.00431,0.00228,0.00190,0.01202
1691674635.246658086776733,0.00294,0.00018,0.00115,0.00417,0.00088,0.00159,0.01091
1691674635.280004978179932,0.00413,0.00020,0.00018,0.00354,0.00104,0.00161,0.01070
1691674635.313351154327393,0.00350,0.00024,0.00042,0.00376,0.00217,0.00218,0.01228
1691674635.346696138381958,0.00340,0.00019,0.00026,0.00375,0.00000,0.00165,0.00924
1691674635.380048274993896,0.00872,0.00058,0.00672,0.00751,0.00000,0.00274,0.02628
1691674635.413397073745728,0.00326,0.00022,0.00010,0.00359,0.00123,0.00180,0.01020
1691674635.446746349334717,0.00318,0.00020,0.00006,0.00362,0.00168,0.00206,0.01079
1691674635.480093479156494,0.00512,0.00019,0.00013,0.00380,0.00267,0.00197,0.01389
1691674635.513437986373901,0.00433,0.00019,0.00011,0.00350,0.00127,0.00186,0.01126
1691674635.546782970428467,0.00290,0.00020,0.00008,0.00414,0.00239,0.00189,0.01160
1691674635.580130100250244,0.00305,0.00022,0.00042,0.00384,0.00118,0.00167,0.01039
1691674635.613476037979126,0.00289,0.00021,0.00084,0.00443,0.00208,0.00160,0.01205
1691674635.646823167800903,0.00324,0.00019,0.00092,0.00378,0.00066,0.00154,0.01033
1691674635.680168628692627,0.00288,0.00019,0.00033,0.00401,0.00120,0.00177,0.01039
1691674635.713518142700195,0.00275,0.00020,0.00029,0.00402,0.00262,0.00163,0.01151
1691674635.746864557266235,0.00257,0.00018,0.00011,0.00443,0.00000,0.00160,0.00889
1691674635.780210018157959,0.00308,0.00018,0.00010,0.00387,0.00019,0.00173,0.00915
1691674635.813553571701050,0.00282,0.00018,0.00083,0.00370,0.00010,0.00178,0.00942
1691674635.846899271011353,0.00278,0.00020,0.00002,0.00366,0.00000,0.00191,0.00857
1691674635.880248546600342,0.00358,0.00020,0.00007,0.00322,0.00147,0.00177,0.01031
1691674635.913595199584961,0.01055,0.00062,0.00059,0.00920,0.00556,0.00303,0.02955
1691674635.946942806243896,0.00382,0.00024,0.00022,0.00327,0.00123,0.00178,0.01056
1691674635.980289936065674,0.00354,0.00020,0.00051,0.00338,0.00017,0.00170,0.00950
1691674636.013636589050293,0.00315,0.00022,0.00013,0.00292,0.00097,0.00179,0.00919
1691674636.046989917755127,0.00476,0.00050,0.00044,0.00383,0.00287,0.00173,0.01414
1691674636.080339908599854,0.00291,0.00035,0.00095,0.00293,0.00036,0.00200,0.00950
1691674636.113689661026001,0.00325,0.00025,0.00065,0.00358,0.00053,0.00169,0.00996
1691674636.147038698196411,0.00257,0.00019,0.00014,0.00328,0.00089,0.00169,0.00876
1691674636.180389642715454,0.00267,0.00017,0.00001,0.00344,0.00077,0.00194,0.00901
1691674636.213737010955811,0.00296,0.00034,0.00004,0.00347,0.00435,0.00181,0.01298
1691674636.247083425521851,0.00312,0.00020,0.00009,0.00468,0.00010,0.00186,0.01006
1691674636.280432939529419,0.00330,0.00022,0.00004,0.00399,0.00179,0.00264,0.01198
1691674636.313784122467041,0.00287,0.00019,0.00067,0.00462,0.00000,0.00271,0.01106
1691674636.347131013870239,0.00408,0.00034,0.00157,0.00405,0.00415,0.00166,0.01585
1691674636.380480766296387,0.00332,0.00025,0.00208,0.00406,0.00464,0.00175,0.01610
1691674636.413830041885376,0.00303,0.00020,0.00014,0.00514,0.00206,0.00237,0.01294
1691674636.447181224822998,0.00292,0.00021,0.00012,0.00467,0.00098,0.00166,0.01056
1691674636.480536937713623,0.00346,0.00021,0.00067,0.00364,0.00154,0.00226,0.01179
1691674636.513890743255615,0.00350,0.00027,0.00021,0.00424,0.00029,0.00226,0.01077
1691674636.547241449356079,0.00284,0.00020,0.00028,0.00390,0.00020,0.00163,0.00906
1691674636.580592155456543,0.00298,0.00018,0.00016,0.00392,0.00249,0.00179,0.01153
1691674636.613938808441162,0.00332,0.00019,0.00026,0.00387,0.00075,0.00213,0.01052
1691674636.647293329238892,0.00300,0.00020,0.00048,0.00433,0.00011,0.00183,0.00995
1691674636.680643081665039,0.00338,0.00019,0.00007,0.00334,0.00247,0.00163,0.01109
1691674636.713997602462769,0.00285,0.00020,0.00013,0.00282,0.00134,0.00174,0.00908
1691674636.747352600097656,0.00328,0.00019,0.00031,0.00316,0.00047,0.00172,0.00913
1691674636.780708312988281,0.00308,0.00019,0.00021,0.00345,0.00026,0.00169,0.00888
1691674636.814056158065796,0.00326,0.00018,0.00015,0.00322,0.00088,0.00185,0.00955
1691674636.847395658493042,0.00295,0.00017,0.00019,0.00306,0.00000,0.00172,0.00810
1691674636.880735874176025,0.00315,0.00018,0.00010,0.00290,0.00217,0.00164,0.01014
1691674636.914076328277588,0.00484,0.00018,0.00023,0.00357,0.00333,0.00166,0.01381
1691674636.947426557540894,0.00281,0.00019,0.00006,0.00360,0.00554,0.00175,0.01396
1691674636.980777263641357,0.00317,0.00018,0.00002,0.00416,0.00119,0.00188,0.01060
1691674637.014125347137451,0.00305,0.00019,0.00012,0.00417,0.00328,0.00168,0.01249
1691674637.047479391098022,0.00337,0.00021,0.00004,0.00473,0.00210,0.00179,0.01224
1691674637.080830335617065,0.00638,0.00020,0.00090,0.00464,0.00353,0.00180,0.01745
1691674637.114180088043213,0.00340,0.00021,0.00026,0.00538,0.00019,0.00199,0.01142
1691674637.147527694702148,0.00447,0.00028,0.00011,0.00647,0.00153,0.00171,0.01457
1691674637.180875301361084,0.00320,0.00023,0.00023,0.00648,0.00224,0.00174,0.01412
1691674637.214223861694336,0.00428,0.00020,0.00030,0.00622,0.00134,0.00188,0.01423
1691674637.247576236724854,0.00338,0.00019,0.00003,0.00609,0.00000,0.00164,0.01134
1691674637.280927419662476,0.00471,0.00024,0.00040,0.00553,0.00076,0.00192,0.01357
1691674637.314278125762939,0.00371,0.00022,0.00093,0.00462,0.00005,0.00206,0.01160
1691674637.347621440887451,0.00973,0.00070,0.00203,0.01290,0.00953,0.00234,0.03723
1691674637.380972146987915,0.00339,0.00031,0.00132,0.00515,0.00168,0.00164,0.01349
1691674637.414321184158325,0.00282,0.00020,0.00151,0.00555,0.00142,0.00187,0.01338
1691674637.447671651840210,0.00301,0.00022,0.00274,0.00573,0.00281,0.00184,0.01635
1691674637.481021881103516,0.00295,0.00019,0.00008,0.00546,0.00234,0.00173,0.01275
1691674637.514373064041138,0.00317,0.00021,0.00025,0.00550,0.00023,0.00195,0.01133
1691674637.547724246978760,0.00384,0.00025,0.00041,0.00538,0.00098,0.00183,0.01270
1691674637.581075668334961,0.00326,0.00021,0.00015,0.00660,0.00032,0.00173,0.01228
1691674637.614424228668213,0.00324,0.00021,0.00084,0.00540,0.00000,0.00176,0.01144
1691674637.647773265838623,0.00337,0.00023,0.00138,0.00453,0.00376,0.00164,0.01491
1691674637.681122541427612,0.00300,0.00020,0.00020,0.00599,0.00042,0.00179,0.01160
1691674637.714472532272339,0.00681,0.00021,0.00107,0.00534,0.00103,0.00190,0.01636
1691674637.747823476791382,0.00325,0.00021,0.00016,0.00547,0.00253,0.00202,0.01363
1691674637.781173706054688,0.00727,0.00021,0.00004,0.00616,0.00006,0.00181,0.01555
1691674637.814523696899414,0.00340,0.00021,0.00017,0.00550,0.00275,0.00180,0.01382
1691674637.847874641418457,0.00325,0.00022,0.00030,0.00534,0.00167,0.00192,0.01271
1691674637.881224393844604,0.00325,0.00018,0.00095,0.00447,0.00176,0.00165,0.01226
1691674637.914574861526489,0.00315,0.00020,0.00009,0.00458,0.00510,0.00192,0.01504
1691674637.947924137115479,0.00365,0.00022,0.00137,0.00460,0.00040,0.00175,0.01199
1691674637.981271743774414,0.00339,0.00021,0.00032,0.00450,0.00010,0.00179,0.01031
1691674638.014621257781982,0.00413,0.00021,0.00024,0.00387,0.00135,0.00185,0.01165
1691674638.047969341278076,0.00320,0.00021,0.00044,0.00379,0.00020,0.00182,0.00967
1691674638.081317186355591,0.00364,0.00019,0.00051,0.00311,0.00038,0.00172,0.00956
1691674638.114666938781738,0.00427,0.00021,0.00131,0.00334,0.00086,0.00180,0.01179
1691674638.148018360137939,0.00349,0.00020,0.00139,0.00264,0.00299,0.00165,0.01236
1691674638.181379795074463,0.00535,0.00018,0.00032,0.00292,0.00483,0.00179,0.01538
1691674638.214734315872192,0.00337,0.00020,0.00009,0.00348,0.00081,0.00406,0.01202
1691674638.248085498809814,0.00614,0.00022,0.00078,0.00353,0.00035,0.00180,0.01282
1691674638.281434297561646,0.00362,0.00019,0.00015,0.00425,0.00122,0.00186,0.01129
1691674638.314784526824951,0.00344,0.00019,0.00006,0.00314,0.00016,0.00179,0.00878
1691674638.348120212554932,0.00731,0.00034,0.00187,0.00372,0.00324,0.00332,0.01979
1691674638.381471157073975,0.00517,0.00020,0.00079,0.00351,0.00093,0.00195,0.01256
1691674638.414820909500122,0.00403,0.00022,0.00018,0.00350,0.00001,0.00186,0.00981
1691674638.448172807693481,0.01421,0.00048,0.00143,0.00633,0.00715,0.00258,0.03217
1691674638.481522083282471,0.00424,0.00027,0.00091,0.00591,0.00019,0.00181,0.01334
1691674638.514871597290039,0.00526,0.00021,0.00017,0.00365,0.00006,0.00205,0.01141
1691674638.548219203948975,0.00323,0.00020,0.00051,0.00446,0.00809,0.00189,0.01838
1691674638.581571817398071,0.00326,0.00020,0.00066,0.00447,0.00452,0.00203,0.01513
1691674638.614920139312744,0.00324,0.00024,0.00075,0.00571,0.00163,0.00183,0.01339
1691674638.648272991180420,0.00470,0.00036,0.00111,0.00595,0.00260,0.00175,0.01648
1691674638.681624412536621,0.00481,0.00025,0.00027,0.00588,0.00288,0.00179,0.01589
1691674638.714973926544189,0.00365,0.00028,0.00084,0.00528,0.00040,0.00213,0.01257
1691674638.748323202133179,0.00348,0.00030,0.00074,0.00516,0.00445,0.00171,0.01585
1691674638.781675577163696,0.00382,0.00020,0.00110,0.00505,0.00016,0.00168,0.01202
1691674638.815024614334106,0.01511,0.00064,0.00118,0.01102,0.00011,0.00305,0.03110
1691674638.848378896713257,0.00414,0.00021,0.00269,0.00439,0.00356,0.00175,0.01673
1691674638.881732463836670,0.00354,0.00020,0.00040,0.00526,0.00000,0.00211,0.01151
1691674638.915090322494507,0.01305,0.00046,0.00098,0.00999,0.00220,0.00278,0.02946
1691674638.948444128036499,0.00371,0.00021,0.00228,0.00437,0.00001,0.00171,0.01229
1691674638.981810331344604,0.00346,0.00019,0.00050,0.00315,0.00151,0.00168,0.01050
1691674639.015166044235229,0.00341,0.00019,0.00048,0.00332,0.00162,0.00189,0.01091
1691674639.048513174057007,0.00519,0.00022,0.00086,0.00360,0.00204,0.00189,0.01379
1691674639.081861495971680,0.00342,0.00020,0.00023,0.00365,0.00000,0.00188,0.00938
1691674639.115213871002197,0.00925,0.00072,0.00554,0.00841,0.00000,0.00364,0.02756
1691674639.148563385009766,0.00356,0.00020,0.00032,0.00373,0.00203,0.00180,0.01164
1691674639.181912899017334,0.00305,0.00023,0.00038,0.00384,0.00579,0.00178,0.01506
1691674639.215262889862061,0.00600,0.00019,0.00008,0.00513,0.00435,0.00177,0.01754
1691674639.248615980148315,0.00625,0.00021,0.00004,0.00594,0.00441,0.00165,0.01850
1691674639.281966447830200,0.00314,0.00021,0.00015,0.00682,0.00007,0.00208,0.01248
1691674639.315316438674927,0.00360,0.00020,0.00004,0.00622,0.00147,0.00177,0.01330
1691674639.348665952682495,0.00318,0.00024,0.00077,0.00580,0.00010,0.00189,0.01198
1691674639.382016658782959,0.00317,0.00020,0.00201,0.00539,0.00214,0.00176,0.01467
1691674639.415369272232056,0.00303,0.00019,0.00086,0.00495,0.00040,0.00191,0.01135
1691674639.448725461959839,0.00363,0.00022,0.00028,0.00515,0.00088,0.00184,0.01201
1691674639.482077836990356,0.00334,0.00020,0.00024,0.00456,0.00007,0.00205,0.01046
1691674639.515429258346558,0.00320,0.00020,0.00011,0.00410,0.00033,0.00197,0.00991
1691674639.548779010772705,0.00342,0.00022,0.00070,0.00392,0.00084,0.00183,0.01092
1691674639.582128763198853,0.00311,0.00019,0.00025,0.00396,0.00283,0.00181,0.01215
1691674639.615479230880737,0.00609,0.00018,0.00007,0.00446,0.00131,0.00196,0.01408
1691674639.648830413818359,0.00300,0.00020,0.00078,0.00418,0.00057,0.00188,0.01062
1691674639.682181835174561,0.00343,0.00020,0.00207,0.00436,0.00139,0.00184,0.01329
1691674639.715533971786499,0.00331,0.00020,0.00029,0.00439,0.00010,0.00194,0.01024
1691674639.748888969421387,0.00320,0.00020,0.00121,0.00422,0.00063,0.00191,0.01138
1691674639.782244443893433,0.00323,0.00019,0.00054,0.00345,0.00141,0.00188,0.01071
1691674639.815600633621216,0.00318,0.00019,0.00011,0.00351,0.00428,0.00178,0.01305
1691674639.848954439163208,0.00303,0.00019,0.00103,0.00415,0.00274,0.00168,0.01283
1691674639.882305383682251,0.00334,0.00022,0.00014,0.00486,0.00007,0.00175,0.01039
1691674639.915656328201294,0.00336,0.00018,0.00008,0.00425,0.00015,0.00192,0.00995
1691674639.949006795883179,0.00355,0.00022,0.00009,0.00423,0.00000,0.00188,0.00997
1691674639.982357740402222,0.00566,0.00018,0.00002,0.00427,0.00077,0.00178,0.01269
1691674640.015707969665527,0.00317,0.00020,0.00007,0.00467,0.00120,0.00245,0.01175
1691674640.049059152603149,0.00320,0.00019,0.00003,0.00426,0.00042,0.00177,0.00986
1691674640.082406520843506,0.00344,0.00019,0.00065,0.00426,0.00154,0.00184,0.01192
1691674640.115755558013916,0.00313,0.00020,0.00019,0.00501,0.00009,0.00258,0.01119
1691674640.149103641510010,0.01413,0.00074,0.00037,0.00767,0.00038,0.00288,0.02617
1691674640.182454824447632,0.00379,0.00019,0.00004,0.00422,0.00113,0.00233,0.01171
1691674640.215810060501099,0.00385,0.00021,0.00020,0.00376,0.00128,0.00252,0.01181
1691674640.249168157577515,0.00308,0.00020,0.00086,0.00374,0.00895,0.00172,0.01856
1691674640.282521963119507,0.00344,0.00020,0.00150,0.00474,0.00016,0.00173,0.01177
1691674640.315877199172974,0.00299,0.00021,0.00013,0.00504,0.00112,0.00189,0.01138
1691674640.349235773086548,0.01292,0.00066,0.00063,0.00949,0.00223,0.00343,0.02935
1691674640.382596731185913,0.00430,0.00025,0.00009,0.00542,0.00030,0.00217,0.01252
1691674640.415948867797852,0.00451,0.00018,0.00002,0.00460,0.00090,0.00211,0.01233
1691674640.449304580688477,0.00425,0.00034,0.00071,0.00601,0.00037,0.00176,0.01344
1691674640.482661485671997,0.00345,0.00020,0.00033,0.00438,0.00000,0.00197,0.01034
1691674640.516011476516724,0.00332,0.00019,0.00058,0.00393,0.00220,0.00196,0.01218
1691674640.549360513687134,0.01089,0.00067,0.00118,0.01302,0.00055,0.00403,0.03034
1691674640.582711696624756,0.00519,0.00032,0.00212,0.00462,0.00145,0.00175,0.01546
1691674640.616059780120850,0.00313,0.00019,0.00041,0.00396,0.00020,0.00187,0.00976
1691674640.649410724639893,0.00316,0.00020,0.00002,0.00424,0.00223,0.00187,0.01172
1691674640.682760238647461,0.00319,0.00021,0.00016,0.00496,0.00151,0.00181,0.01184
1691674640.716112375259399,0.00319,0.00022,0.00036,0.00496,0.00156,0.00182,0.01213
1691674640.749461889266968,0.00401,0.00027,0.00024,0.00481,0.00036,0.00197,0.01167
1691674640.782812833786011,0.00359,0.00023,0.00004,0.00421,0.00006,0.00186,0.01000
1691674640.816163301467896,0.00325,0.00020,0.00059,0.00400,0.00000,0.00212,0.01017
1691674640.849514245986938,0.00344,0.00020,0.00006,0.00407,0.00245,0.00180,0.01202
1691674640.882863521575928,0.00316,0.00019,0.00053,0.00401,0.00000,0.00196,0.00985
1691674640.916213035583496,0.00326,0.00019,0.00067,0.00332,0.00190,0.00190,0.01124
1691674640.949561834335327,0.00649,0.00020,0.00002,0.00356,0.00026,0.00202,0.01255
1691674640.982911825180054,0.00342,0.00020,0.00028,0.00276,0.00121,0.00203,0.00990
1691674641.016259908676147,0.00345,0.00017,0.00014,0.00261,0.00091,0.00200,0.00928
1691674641.049610614776611,0.00402,0.00023,0.00019,0.00212,0.00120,0.00187,0.00965
1691674641.082960844039917,0.00341,0.00019,0.00083,0.00204,0.00446,0.00182,0.01276
1691674641.116315364837646,0.00332,0.00017,0.00127,0.00417,0.00070,0.00292,0.01256
1691674641.149668693542480,0.00377,0.00021,0.00032,0.00308,0.00015,0.00173,0.00926
1691674641.183021306991577,0.00352,0.00018,0.00046,0.00306,0.00006,0.00199,0.00928
1691674641.216372489929199,0.00358,0.00017,0.00031,0.00303,0.00007,0.00241,0.00958
1691674641.249724149703979,0.00370,0.00018,0.00078,0.00271,0.00192,0.00207,0.01137
1691674641.283072233200073,0.00309,0.00018,0.00009,0.00303,0.00026,0.00191,0.00856
1691674641.316424369812012,0.00303,0.00018,0.00027,0.00327,0.00025,0.00189,0.00890
1691674641.349777221679688,0.00370,0.00019,0.00010,0.00366,0.00440,0.00206,0.01411
1691674641.383128643035889,0.00396,0.00022,0.00002,0.00360,0.00065,0.00479,0.01324
1691674641.416477203369141,0.00682,0.00019,0.00016,0.00323,0.00051,0.00205,0.01297
1691674641.449825763702393,0.00329,0.00019,0.00006,0.00331,0.00333,0.00193,0.01210
1691674641.483174085617065,0.00339,0.00018,0.00009,0.00359,0.00271,0.00176,0.01173
1691674641.516524791717529,0.00388,0.00018,0.00007,0.00422,0.00155,0.00181,0.01171
1691674641.549873590469360,0.00379,0.00020,0.00064,0.00397,0.00178,0.00251,0.01289
1691674641.583224773406982,0.00303,0.00018,0.00021,0.00399,0.00322,0.00213,0.01277
1691674641.616575002670288,0.00317,0.00020,0.00059,0.00426,0.00009,0.00217,0.01048
1691674641.649925708770752,0.00313,0.00020,0.00007,0.00408,0.00143,0.00226,0.01117
1691674641.683275222778320,0.00291,0.00019,0.00012,0.00407,0.00000,0.00298,0.01026
1691674641.716624498367310,0.00284,0.00018,0.00082,0.00389,0.00391,0.00184,0.01347
1691674641.749973297119141,0.00330,0.00021,0.00013,0.00425,0.00306,0.00180,0.01275
1691674641.783323049545288,0.00294,0.00021,0.00031,0.00457,0.00038,0.00204,0.01045
1691674641.816672801971436,0.00334,0.00023,0.00014,0.00434,0.00014,0.00211,0.01029
1691674641.850021362304688,0.00347,0.00024,0.00013,0.00367,0.00009,0.00182,0.00942
1691674641.883369445800781,0.00289,0.00021,0.00034,0.00326,0.00060,0.00174,0.00904
1691674641.916718006134033,0.00296,0.00018,0.00007,0.00343,0.00017,0.00202,0.00883
1691674641.950066089630127,0.00333,0.00023,0.00033,0.00292,0.00021,0.00172,0.00875
1691674641.983415126800537,0.00303,0.00017,0.00002,0.00308,0.00018,0.00207,0.00855
1691674642.016762495040894,0.00319,0.00020,0.00006,0.00315,0.00043,0.00177,0.00880
1691674642.050108432769775,0.00313,0.00017,0.00019,0.00288,0.00129,0.00169,0.00937
1691674642.083454132080078,0.00298,0.00018,0.00009,0.00288,0.00029,0.00176,0.00818
1691674642.116801977157593,0.00302,0.00020,0.00107,0.00284,0.00214,0.00200,0.01127
1691674642.150151491165161,0.00318,0.00017,0.00011,0.00311,0.00188,0.00212,0.01058
1691674642.183501005172729,0.00278,0.00017,0.00039,0.00330,0.00013,0.00203,0.00880
1691674642.216848373413086,0.00439,0.00025,0.00015,0.00368,0.00264,0.00237,0.01348
1691674642.250196456909180,0.00440,0.00018,0.00019,0.00352,0.00009,0.00198,0.01037
1691674642.283544063568115,0.00350,0.00018,0.00004,0.00365,0.00244,0.00182,0.01163
1691674642.316892862319946,0.00298,0.00023,0.00007,0.00341,0.00073,0.00200,0.00943
1691674642.350240230560303,0.00444,0.00020,0.00055,0.00345,0.00244,0.00180,0.01287
1691674642.383588552474976,0.00359,0.00020,0.00040,0.00329,0.00017,0.00171,0.00937
1691674642.416936159133911,0.00328,0.00019,0.00056,0.00313,0.00041,0.00174,0.00931
1691674642.450285196304321,0.00331,0.00017,0.00151,0.00245,0.00035,0.00170,0.00950
1691674642.483633756637573,0.00306,0.00020,0.00028,0.00238,0.00065,0.00169,0.00827
1691674642.516983032226562,0.00353,0.00018,0.00020,0.00220,0.00023,0.00172,0.00807
1691674642.550331115722656,0.00329,0.00017,0.00005,0.00251,0.00126,0.00175,0.00904
1691674642.583678722381592,0.00356,0.00018,0.00009,0.00277,0.00325,0.00207,0.01192
1691674642.617024421691895,0.00376,0.00019,0.00090,0.00299,0.00221,0.00179,0.01183
1691674642.650371074676514,0.00376,0.00020,0.00062,0.00301,0.00007,0.00212,0.00978
1691674642.683719635009766,0.00327,0.00019,0.00007,0.00253,0.00103,0.00186,0.00894
1691674642.717068672180176,0.01028,0.00041,0.00021,0.00495,0.00218,0.00308,0.02111
1691674642.750417470932007,0.00418,0.00020,0.00120,0.00283,0.00137,0.00216,0.01194
1691674642.783764362335205,0.00363,0.00018,0.00013,0.00252,0.00100,0.00218,0.00965
1691674642.817109107971191,0.00365,0.00022,0.00009,0.00292,0.00357,0.00217,0.01262
1691674642.850454092025757,0.00332,0.00019,0.00002,0.00315,0.00253,0.00198,0.01119
1691674642.883802175521851,0.00318,0.00019,0.00014,0.00304,0.00197,0.00216,0.01068
1691674642.917152881622314,0.00354,0.00022,0.00012,0.00388,0.00020,0.00245,0.01040
1691674642.950502634048462,0.00786,0.00037,0.00019,0.00529,0.00053,0.00255,0.01678
1691674642.983851432800293,0.00420,0.00020,0.00015,0.00321,0.00457,0.00191,0.01423
1691674643.017198085784912,0.00376,0.00018,0.00002,0.00340,0.00227,0.00195,0.01158
1691674643.050546407699585,0.00341,0.00021,0.00007,0.00360,0.00226,0.00190,0.01145
1691674643.083894491195679,0.00448,0.00021,0.00017,0.00379,0.00181,0.00188,0.01233
1691674643.117242813110352,0.00413,0.00021,0.00027,0.00387,0.00257,0.00190,0.01295
1691674643.150587558746338,0.00423,0.00019,0.00009,0.00453,0.00655,0.00189,0.01747
1691674643.183935642242432,0.00784,0.00021,0.00002,0.00596,0.00151,0.00212,0.01767
1691674643.217281341552734,0.00319,0.00023,0.00252,0.00541,0.00090,0.00219,0.01445
1691674643.250626564025879,0.00341,0.00021,0.00044,0.00542,0.00024,0.00174,0.01148
1691674643.283974647521973,0.00351,0.00021,0.00023,0.00556,0.00020,0.00249,0.01219
1691674643.317323207855225,0.00398,0.00025,0.00013,0.00506,0.00030,0.00212,0.01183
1691674643.350669860839844,0.00655,0.00037,0.00064,0.00741,0.00617,0.00234,0.02348
1691674643.384017944335938,0.00340,0.00023,0.00012,0.00649,0.00033,0.00180,0.01236
1691674643.417364835739136,0.01222,0.00114,0.00254,0.01237,0.00044,0.00324,0.03194
1691674643.450713396072388,0.00338,0.00027,0.00039,0.00478,0.00136,0.00176,0.01194
1691674643.484061241149902,0.00374,0.00021,0.00031,0.00470,0.00268,0.00179,0.01344
1691674643.517410278320312,0.00968,0.00067,0.00120,0.01125,0.00071,0.00301,0.02652
1691674643.550758123397827,0.00372,0.00022,0.00041,0.00461,0.00230,0.00184,0.01310
1691674643.584105491638184,0.00357,0.00021,0.00050,0.00419,0.00075,0.00182,0.01105
1691674643.617453336715698,0.00354,0.00024,0.00090,0.00399,0.00114,0.00196,0.01177
1691674643.650801658630371,0.00380,0.00018,0.00037,0.00356,0.00406,0.00181,0.01378
1691674643.684149503707886,0.00345,0.00019,0.00008,0.00405,0.00243,0.00196,0.01217
1691674643.717498540878296,0.00362,0.00020,0.00020,0.00539,0.00141,0.00190,0.01270
1691674643.750844717025757,0.00725,0.00025,0.00026,0.00492,0.00014,0.00189,0.01471
1691674643.784190177917480,0.00367,0.00031,0.00023,0.00521,0.00015,0.00205,0.01161
1691674643.817535877227783,0.00347,0.00021,0.00065,0.00431,0.00091,0.00206,0.01161
1691674643.850883483886719,0.00342,0.00020,0.00047,0.00447,0.00320,0.00194,0.01371
1691674643.884229421615601,0.00466,0.00020,0.00010,0.00469,0.00130,0.00194,0.01289
1691674643.917577266693115,0.00326,0.00021,0.00059,0.00439,0.00012,0.00193,0.01051
1691674643.950922966003418,0.00817,0.00044,0.00055,0.00966,0.00000,0.00324,0.02205
1691674643.984269142150879,0.00426,0.00019,0.00067,0.00413,0.00127,0.00198,0.01251
1691674644.017614841461182,0.00713,0.00020,0.00002,0.00382,0.00237,0.00216,0.01570
1691674644.050962209701538,0.00344,0.00018,0.00012,0.00378,0.00143,0.00177,0.01073
1691674644.084304094314575,0.00336,0.00019,0.00029,0.00380,0.00450,0.00216,0.01430
1691674644.117645502090454,0.00351,0.00022,0.00069,0.00402,0.00138,0.00204,0.01185
1691674644.150982379913330,0.00427,0.00023,0.00021,0.00399,0.00032,0.00201,0.01103
1691674644.184325218200684,0.00342,0.00021,0.00024,0.00343,0.00028,0.00199,0.00958
1691674644.217670917510986,0.00407,0.00021,0.00013,0.00349,0.00000,0.00217,0.01006
1691674644.251012086868286,0.00362,0.00019,0.00007,0.00326,0.00198,0.00188,0.01100
1691674644.284355640411377,0.00359,0.00019,0.00012,0.00294,0.00063,0.00190,0.00938
1691674644.317703247070312,0.00703,0.00034,0.00046,0.00458,0.00023,0.00292,0.01555
1691674644.351049423217773,0.00381,0.00019,0.00014,0.00269,0.00005,0.00188,0.00876
1691674644.384396076202393,0.00341,0.00022,0.00023,0.00247,0.00100,0.00181,0.00915
1691674644.417740583419800,0.00361,0.00021,0.00025,0.00279,0.00304,0.00202,0.01193
1691674644.451087713241577,0.00329,0.00018,0.00021,0.00286,0.00369,0.00197,0.01221
1691674644.484434604644775,0.00558,0.00019,0.00014,0.00303,0.00022,0.00226,0.01141
1691674644.517781972885132,0.00421,0.00018,0.00038,0.00294,0.00144,0.00223,0.01137
1691674644.551127433776855,0.00329,0.00019,0.00056,0.00311,0.00237,0.00206,0.01158
1691674644.584475278854370,0.00286,0.00019,0.00021,0.00329,0.00212,0.00214,0.01081
1691674644.617820739746094,0.00324,0.00018,0.00018,0.00333,0.00396,0.00175,0.01264
1691674644.651168823242188,0.00388,0.00028,0.00013,0.00351,0.00043,0.00191,0.01014
1691674644.684515476226807,0.00330,0.00025,0.00020,0.00378,0.00087,0.00193,0.01033
1691674644.717862606048584,0.00297,0.00024,0.00010,0.00374,0.00018,0.00189,0.00912
1691674644.751207351684570,0.00329,0.00020,0.00002,0.00370,0.00022,0.00188,0.00931
1691674644.784553289413452,0.00402,0.00020,0.00015,0.00346,0.00017,0.00188,0.00988
1691674644.817899227142334,0.00312,0.00021,0.00027,0.00334,0.00042,0.00184,0.00919
1691674644.851247787475586,0.00631,0.00022,0.00011,0.00327,0.00308,0.00176,0.01476
1691674644.884594917297363,0.00370,0.00024,0.00027,0.00345,0.00009,0.00216,0.00991
1691674644.917941570281982,0.00319,0.00019,0.00027,0.00417,0.00050,0.00267,0.01100
1691674644.951287269592285,0.00307,0.00019,0.00011,0.00615,0.00054,0.00238,0.01245
1691674644.984636068344116,0.00287,0.00019,0.00002,0.00362,0.00007,0.00200,0.00877
1691674645.017982006072998,0.00302,0.00018,0.00011,0.00336,0.00161,0.00208,0.01037
1691674645.051327466964722,0.00306,0.00019,0.00023,0.00353,0.00117,0.00181,0.01000
1691674645.084671497344971,0.00319,0.00020,0.00011,0.00355,0.00038,0.00166,0.00909
1691674645.118019580841064,0.00288,0.00026,0.00008,0.00374,0.00059,0.00251,0.01006
1691674645.151364803314209,0.00289,0.00020,0.00014,0.00322,0.00009,0.00217,0.00871
1691674645.184710264205933,0.00303,0.00019,0.00008,0.00315,0.00024,0.00173,0.00843
1691674645.218053817749023,0.00339,0.00022,0.00012,0.00323,0.00143,0.00217,0.01055
1691674645.251400709152222,0.00330,0.00020,0.00004,0.00317,0.00254,0.00189,0.01115
1691674645.284749031066895,0.00325,0.00020,0.00015,0.00367,0.00009,0.00181,0.00917
1691674645.318097829818726,0.00332,0.00017,0.00010,0.00357,0.00007,0.00218,0.00942
1691674645.351443767547607,0.00301,0.00022,0.00002,0.00369,0.00057,0.00206,0.00957
1691674645.384782075881958,0.00312,0.00019,0.00020,0.00355,0.00040,0.00199,0.00945
1691674645.418124914169312,0.00733,0.00024,0.00008,0.00354,0.00016,0.00205,0.01339
1691674645.451472282409668,0.00428,0.00019,0.00017,0.00330,0.00092,0.00191,0.01077
1691674645.484815597534180,0.00335,0.00020,0.00017,0.00320,0.00031,0.00183,0.00906
1691674645.518160581588745,0.00319,0.00020,0.00013,0.00314,0.00036,0.00196,0.00899
1691674645.551506757736206,0.00277,0.00019,0.00012,0.00301,0.00031,0.00184,0.00825
1691674645.584851741790771,0.00290,0.00018,0.00007,0.00293,0.00010,0.00171,0.00789
1691674645.618196249008179,0.00291,0.00019,0.00007,0.00293,0.00031,0.00168,0.00808
1691674645.651543617248535,0.00286,0.00018,0.00006,0.00289,0.00026,0.00176,0.00802
1691674645.684891700744629,0.00266,0.00018,0.00004,0.00284,0.00017,0.00167,0.00756
1691674645.718240976333618,0.00301,0.00023,0.00009,0.00284,0.00006,0.00196,0.00820
1691674645.751587390899658,0.00643,0.00018,0.00009,0.00288,0.00137,0.00181,0.01276
1691674645.784936428070068,0.00302,0.00017,0.00010,0.00283,0.00056,0.00203,0.00872
1691674645.818283319473267,0.00309,0.00020,0.00002,0.00309,0.00232,0.00176,0.01048
1691674645.851631641387939,0.00477,0.00022,0.00008,0.00325,0.00028,0.00185,0.01045
1691674645.884980440139771,0.00325,0.00018,0.00004,0.00334,0.00033,0.00189,0.00903
1691674645.918329238891602,0.00279,0.00021,0.00009,0.00327,0.00042,0.00195,0.00873
1691674645.951677083969116,0.00573,0.00020,0.00004,0.00321,0.00009,0.00194,0.01121
1691674645.985025882720947,0.00305,0.00018,0.00010,0.00312,0.00009,0.00176,0.00829
1691674646.018373489379883,0.00330,0.00020,0.00010,0.00312,0.00029,0.00170,0.00871
1691674646.051722049713135,0.00981,0.00056,0.00023,0.00964,0.00052,0.00350,0.02426
1691674646.085067987442017,0.00359,0.00018,0.00002,0.00314,0.00017,0.00194,0.00905
1691674646.118416786193848,0.00537,0.00017,0.00002,0.00309,0.00012,0.00221,0.01099
1691674646.151765108108521,0.00256,0.00017,0.00003,0.00287,0.00064,0.00182,0.00809
1691674646.185114145278931,0.00292,0.00019,0.00002,0.00295,0.00032,0.00185,0.00824
1691674646.218462467193604,0.00296,0.00018,0.00012,0.00300,0.00036,0.00181,0.00843
1691674646.251811504364014,0.00303,0.00019,0.00004,0.00300,0.00027,0.00171,0.00825
1691674646.285158634185791,0.00283,0.00024,0.00004,0.00320,0.00033,0.00181,0.00845
1691674646.318507909774780,0.00296,0.00019,0.00004,0.00310,0.00049,0.00201,0.00880
1691674646.351855993270874,0.00300,0.00018,0.00003,0.00316,0.00009,0.00184,0.00831
1691674646.385205030441284,0.00263,0.00022,0.00004,0.00305,0.00028,0.00175,0.00796
1691674646.418552875518799,0.00309,0.00025,0.00005,0.00349,0.00108,0.00220,0.01016
1691674646.451902151107788,0.00274,0.00017,0.00004,0.00308,0.00022,0.00172,0.00797
1691674646.485250949859619,0.00286,0.00019,0.00004,0.00311,0.00016,0.00176,0.00812
1691674646.518599510192871,0.00308,0.00022,0.00004,0.00317,0.00013,0.00190,0.00853
1691674646.551947593688965,0.00294,0.00017,0.00004,0.00303,0.00065,0.00173,0.00856
1691674646.585295915603638,0.00335,0.00019,0.00008,0.00318,0.00034,0.00189,0.00905
1691674646.618644237518311,0.00319,0.00024,0.00005,0.00330,0.00025,0.00184,0.00887
1691674646.651993751525879,0.00347,0.00019,0.00004,0.00331,0.00030,0.00185,0.00917
1691674646.685340881347656,0.00311,0.00017,0.00007,0.00318,0.00027,0.00201,0.00883
1691674646.718689680099487,0.00397,0.00023,0.00005,0.00337,0.00049,0.00186,0.00998
1691674646.752037286758423,0.00310,0.00018,0.00004,0.00314,0.00008,0.00178,0.00832
1691674646.785384893417358,0.00301,0.00018,0.00002,0.00312,0.00023,0.00177,0.00832
1691674646.818733692169189,0.00318,0.00021,0.00004,0.00317,0.00058,0.00175,0.00892
1691674646.852082967758179,0.00373,0.00020,0.00008,0.00327,0.00023,0.00183,0.00934
1691674646.885429382324219,0.00363,0.00018,0.00004,0.00335,0.00015,0.00220,0.00955
1691674646.918778419494629,0.00510,0.00024,0.00011,0.00380,0.00022,0.00244,0.01190
1691674646.952124118804932,0.00321,0.00020,0.00008,0.00303,0.00064,0.00191,0.00907
1691674646.985472917556763,0.00266,0.00017,0.00012,0.00367,0.00038,0.00182,0.00884
1691674647.018821239471436,0.00301,0.00023,0.00006,0.00354,0.00020,0.00189,0.00893
1691674647.052170276641846,0.00344,0.00019,0.00007,0.00312,0.00030,0.00186,0.00898
1691674647.085517644882202,0.00538,0.00017,0.00002,0.00332,0.00036,0.00270,0.01195
1691674647.118866205215454,0.00299,0.00019,0.00002,0.00319,0.00051,0.00215,0.00905
1691674647.152213811874390,0.00292,0.00017,0.00002,0.00315,0.00010,0.00176,0.00813
1691674647.185562372207642,0.00283,0.00018,0.00002,0.00310,0.00047,0.00183,0.00843
1691674647.218910455703735,0.00317,0.00029,0.00003,0.00312,0.00060,0.00173,0.00894
1691674647.252259254455566,0.00293,0.00016,0.00003,0.00309,0.00023,0.00179,0.00823
1691674647.285607099533081,0.00315,0.00018,0.00004,0.00306,0.00016,0.00170,0.00829
1691674647.318956136703491,0.00304,0.00018,0.00004,0.00308,0.00126,0.00197,0.00957
1691674647.352304220199585,0.00691,0.00023,0.00004,0.00342,0.00066,0.00193,0.01319
1691674647.385653257369995,0.00375,0.00019,0.00004,0.00335,0.00041,0.00194,0.00968
1691674647.419001102447510,0.00477,0.00017,0.00003,0.00317,0.00019,0.00225,0.01058
1691674647.452350139617920,0.00313,0.00018,0.00004,0.00330,0.00029,0.00207,0.00900
1691674647.485697984695435,0.00315,0.00017,0.00004,0.00328,0.00032,0.00175,0.00872
1691674647.519046783447266,0.00335,0.00019,0.00004,0.00338,0.00051,0.00223,0.00969
1691674647.552394628524780,0.00603,0.00032,0.00006,0.00509,0.00014,0.00269,0.01434
1691674647.585743665695190,0.00394,0.00026,0.00005,0.00469,0.00074,0.00290,0.01258
1691674647.619091510772705,0.00882,0.00057,0.00015,0.00951,0.00120,0.00350,0.02375
1691674647.652440309524536,0.00365,0.00018,0.00004,0.00319,0.00025,0.00189,0.00920
1691674647.685787916183472,0.00267,0.00018,0.00004,0.00324,0.00014,0.00172,0.00799
1691674647.719136953353882,0.00377,0.00019,0.00004,0.00331,0.00034,0.00185,0.00951
1691674647.752484798431396,0.00299,0.00019,0.00004,0.00323,0.00067,0.00172,0.00884
1691674647.785833358764648,0.00284,0.00017,0.00004,0.00327,0.00048,0.00185,0.00865
1691674647.819181442260742,0.00292,0.00027,0.00004,0.00329,0.00027,0.00183,0.00862
1691674647.852530241012573,0.00332,0.00018,0.00004,0.00323,0.00028,0.00174,0.00879
1691674647.885878086090088,0.00350,0.00018,0.00004,0.00327,0.00033,0.00183,0.00916
1691674647.919226884841919,0.00840,0.00056,0.00011,0.01034,0.00101,0.00395,0.02437
1691674647.952575206756592,0.00353,0.00017,0.00003,0.00320,0.00009,0.00192,0.00894
1691674647.985924243927002,0.00336,0.00019,0.00005,0.00338,0.00054,0.00284,0.01035
1691674648.019272089004517,0.00292,0.00021,0.00005,0.00333,0.00068,0.00188,0.00907
1691674648.052621126174927,0.00255,0.00017,0.00004,0.00321,0.00024,0.00189,0.00810
