# timestamp (sec),tracking,propagation,msckf update,slam update,slam delayed,re-tri & marg,total
1691674611.644527196884155,0.00293,0.00014,0.00028,0.00000,0.00000,0.00150,0.00485
1691674611.667807817459106,0.00313,0.00014,0.00341,0.00000,0.00289,0.00165,0.01122
1691674611.701295375823975,0.00297,0.00012,0.00022,0.00035,0.00000,0.00149,0.00515
1691674611.734356641769409,0.00303,0.00015,0.00002,0.00038,0.00000,0.00190,0.00548
1691674611.767737150192261,0.00319,0.00025,0.00017,0.00036,0.00015,0.00213,0.00626
1691674611.801464557647705,0.00295,0.00016,0.00003,0.00052,0.00000,0.00177,0.00543
1691674611.834752798080444,0.00322,0.00020,0.00012,0.00058,0.00000,0.00219,0.00632
1691674611.867985963821411,0.00372,0.00016,0.00007,0.00055,0.00000,0.00177,0.00628
1691674611.901215553283691,0.00319,0.00016,0.00001,0.00057,0.00000,0.00177,0.00569
1691674611.934549331665039,0.00306,0.00014,0.00006,0.00055,0.00052,0.00204,0.00637
1691674611.967787504196167,0.00320,0.00015,0.00003,0.00066,0.00000,0.00173,0.00577
1691674612.001014947891235,0.00348,0.00017,0.00034,0.00065,0.00000,0.00249,0.00714
1691674612.034208774566650,0.00334,0.00022,0.00006,0.00068,0.00352,0.00212,0.00993
1691674612.067008495330811,0.00345,0.00033,0.00548,0.00116,0.02460,0.00198,0.03699
1691674612.100420951843262,0.00341,0.00020,0.00002,0.00437,0.00146,0.00190,0.01137
1691674612.133744716644287,0.00314,0.00042,0.00008,0.00461,0.00000,0.00181,0.01006
1691674612.167092800140381,0.00525,0.00022,0.00028,0.00487,0.00130,0.00179,0.01371
1691674612.200394630432129,0.00325,0.00023,0.00022,0.00503,0.00170,0.00182,0.01224
1691674612.233799457550049,0.01244,0.00062,0.00081,0.01308,0.00048,0.00280,0.03023
1691674612.267152786254883,0.00460,0.00028,0.00008,0.00569,0.00000,0.00183,0.01248
1691674612.300441026687622,0.00632,0.00035,0.00030,0.00510,0.00708,0.00195,0.02110
1691674612.333724260330200,0.00371,0.00024,0.00009,0.00627,0.00000,0.00183,0.01215
1691674612.366980314254761,0.00335,0.00023,0.00008,0.00660,0.00272,0.00262,0.01559
1691674612.400266408920288,0.00377,0.00029,0.00022,0.00679,0.00170,0.00306,0.01584
1691674612.433616161346436,0.00287,0.00021,0.00040,0.00597,0.00005,0.00340,0.01289
1691674612.466920852661133,0.00302,0.00021,0.00624,0.00698,0.00234,0.00163,0.02043
1691674612.500229597091675,0.00345,0.00023,0.00073,0.00675,0.00141,0.00168,0.01426
1691674612.533550262451172,0.00304,0.00023,0.00023,0.00787,0.00000,0.00250,0.01387
1691674612.566933870315552,0.00702,0.00041,0.00295,0.00677,0.00007,0.00187,0.01909
1691674612.600216627120972,0.00412,0.00021,0.00003,0.00637,0.00025,0.00176,0.01274
1691674612.633538007736206,0.00299,0.00021,0.00014,0.00648,0.00122,0.00168,0.01274
1691674612.666809797286987,0.01389,0.00051,0.00157,0.01092,0.00000,0.00229,0.02918
1691674612.700098514556885,0.00396,0.00028,0.00020,0.00610,0.00008,0.00196,0.01259
1691674612.733397006988525,0.00328,0.00023,0.00010,0.00571,0.00167,0.00191,0.01290
1691674612.766755580902100,0.00707,0.00024,0.00104,0.00550,0.00222,0.00247,0.01855
1691674612.800126791000366,0.00404,0.00031,0.00009,0.00693,0.00191,0.00216,0.01545
1691674612.833434820175171,0.01517,0.00110,0.00222,0.01420,0.00023,0.00369,0.03661
1691674612.866774320602417,0.00532,0.00022,0.00539,0.00915,0.00012,0.00238,0.02259
1691674612.900124073028564,0.00379,0.00026,0.00055,0.00642,0.00008,0.00187,0.01295
1691674612.933446884155273,0.00358,0.00039,0.00022,0.00551,0.00155,0.00191,0.01315
1691674612.966758966445923,0.00437,0.00022,0.00279,0.00592,0.00285,0.00169,0.01784
1691674613.000095844268799,0.00354,0.00022,0.00183,0.00595,0.00025,0.00174,0.01353
1691674613.033432960510254,0.00358,0.00025,0.00051,0.00572,0.00102,0.00174,0.01283
1691674613.066831827163696,0.00340,0.00022,0.00023,0.00585,0.00274,0.00167,0.01411
1691674613.100208997726440,0.00377,0.00023,0.00121,0.00604,0.00007,0.00201,0.01333
1691674613.133621692657471,0.00341,0.00021,0.00078,0.00567,0.00282,0.00200,0.01491
1691674613.167026042938232,0.00342,0.00021,0.00278,0.00667,0.00130,0.00220,0.01659
1691674613.200365543365479,0.01290,0.00049,0.00004,0.01259,0.00000,0.00299,0.02902
1691674613.233732700347900,0.00342,0.00030,0.00041,0.00693,0.00017,0.00208,0.01330
1691674613.267067432403564,0.00338,0.00023,0.00586,0.00784,0.00086,0.00187,0.02005
1691674613.300390958786011,0.00427,0.00023,0.00383,0.00662,0.00000,0.00199,0.01694
1691674613.333809852600098,0.00349,0.00023,0.00002,0.00664,0.00000,0.00199,0.01237
1691674613.367184400558472,0.00384,0.00027,0.00341,0.00657,0.00021,0.00181,0.01610
1691674613.400495052337646,0.00363,0.00025,0.00324,0.00694,0.00141,0.00195,0.01741
1691674613.433866500854492,0.00709,0.00026,0.00267,0.00907,0.00027,0.00202,0.02139
1691674613.467202186584473,0.00369,0.00025,0.00325,0.00675,0.00146,0.00202,0.01742
1691674613.500524044036865,0.00349,0.00023,0.00014,0.00673,0.00010,0.00278,0.01348
1691674613.533872365951538,0.00345,0.00023,0.00082,0.00653,0.00113,0.00241,0.01457
1691674613.567244768142700,0.00371,0.00028,0.00345,0.00588,0.00156,0.00187,0.01674
1691674613.600589513778687,0.00333,0.00022,0.00016,0.00530,0.00005,0.00225,0.01130
1691674613.633946180343628,0.00324,0.00028,0.00033,0.00474,0.00075,0.00193,0.01127
1691674613.667293310165405,0.00338,0.00021,0.00159,0.00478,0.00607,0.00206,0.01809
1691674613.700638532638550,0.00297,0.00032,0.00200,0.00550,0.00556,0.00188,0.01823
1691674613.733995199203491,0.00577,0.00025,0.00007,0.00661,0.00000,0.00209,0.01479
1691674613.767358064651489,0.01155,0.00103,0.00945,0.01027,0.00390,0.00224,0.03844
1691674613.800695896148682,0.00312,0.00024,0.00015,0.00547,0.00571,0.00173,0.01641
1691674613.834078311920166,0.00350,0.00027,0.00154,0.00637,0.00038,0.00193,0.01398
1691674613.867415666580200,0.00347,0.00020,0.00004,0.00694,0.00408,0.00188,0.01660
1691674613.900758504867554,0.01153,0.00076,0.00025,0.02411,0.00010,0.00226,0.03900
1691674613.934102535247803,0.00304,0.00022,0.00010,0.00673,0.00134,0.00170,0.01313
1691674613.967444181442261,0.00303,0.00021,0.00373,0.00627,0.00000,0.00165,0.01490
1691674614.000794172286987,0.00306,0.00025,0.00007,0.00614,0.00006,0.00181,0.01139
1691674614.034150123596191,0.00353,0.00024,0.00036,0.00543,0.00033,0.00177,0.01166
1691674614.067508935928345,0.00302,0.00020,0.00010,0.00585,0.00005,0.00171,0.01093
1691674614.100864887237549,0.00305,0.00022,0.00014,0.00567,0.00149,0.00199,0.01256
1691674614.134200572967529,0.00292,0.00020,0.00006,0.00561,0.00152,0.00176,0.01207
1691674614.167591094970703,0.00298,0.00019,0.00115,0.00624,0.00314,0.00176,0.01547
1691674614.201003074645996,0.00309,0.00021,0.00002,0.00643,0.00013,0.00193,0.01182
1691674614.234322309494019,0.00289,0.00020,0.00087,0.00630,0.00353,0.00180,0.01558
1691674614.267679691314697,0.00308,0.00019,0.00143,0.00680,0.00134,0.00181,0.01466
1691674614.301079511642456,0.00310,0.00024,0.00002,0.00705,0.00280,0.00176,0.01499
1691674614.334397554397583,0.00327,0.00022,0.00071,0.00771,0.00088,0.00193,0.01472
1691674614.367771148681641,0.00347,0.00024,0.00412,0.00723,0.00000,0.00178,0.01684
1691674614.401103019714355,0.00405,0.00034,0.00386,0.00750,0.00000,0.00176,0.01751
1691674614.434473991394043,0.00383,0.00022,0.00282,0.00640,0.00008,0.00184,0.01519
1691674614.467843294143677,0.00369,0.00023,0.00008,0.00611,0.00006,0.00247,0.01264
1691674614.501190900802612,0.00420,0.00020,0.00021,0.00628,0.00055,0.00195,0.01339
1691674614.534530162811279,0.00308,0.00022,0.00020,0.00655,0.00098,0.00172,0.01275
1691674614.567878484725952,0.00374,0.00022,0.00002,0.00702,0.00047,0.00175,0.01322
1691674614.601217985153198,0.00330,0.00021,0.00025,0.00667,0.00010,0.00205,0.01260
1691674614.634585857391357,0.00290,0.00021,0.00006,0.00551,0.00310,0.00186,0.01365
1691674614.667936801910400,0.00339,0.00022,0.00018,0.00619,0.00135,0.00166,0.01299
1691674614.701277494430542,0.00363,0.00023,0.00104,0.00578,0.00266,0.00175,0.01509
1691674614.734631299972534,0.00363,0.00022,0.00023,0.00668,0.00082,0.00173,0.01331
1691674614.767978191375732,0.00339,0.00023,0.00076,0.00597,0.00400,0.00178,0.01614
1691674614.801325321197510,0.00306,0.00021,0.00048,0.00673,0.00000,0.00181,0.01230
1691674614.834672689437866,0.00296,0.00022,0.00016,0.00672,0.00297,0.00203,0.01506
1691674614.868034124374390,0.01230,0.00050,0.00837,0.00945,0.00007,0.00231,0.03299
1691674614.901388883590698,0.00306,0.00021,0.00064,0.00623,0.00020,0.00163,0.01197
1691674614.934749841690063,0.00286,0.00020,0.00013,0.00618,0.00160,0.00172,0.01271
1691674614.968092441558838,0.00657,0.00048,0.00145,0.00792,0.00241,0.00258,0.02141
1691674615.001428604125977,0.00337,0.00024,0.00069,0.00638,0.00079,0.00173,0.01320
1691674615.034779071807861,0.00346,0.00021,0.00009,0.00656,0.00000,0.00213,0.01246
1691674615.068130016326904,0.00340,0.00020,0.00097,0.00629,0.00018,0.00173,0.01277
1691674615.101473808288574,0.00398,0.00023,0.00022,0.00609,0.00296,0.00156,0.01504
1691674615.134824275970459,0.00310,0.00022,0.00028,0.00680,0.00087,0.00169,0.01296
1691674615.168187141418457,0.00420,0.00034,0.00018,0.00724,0.00006,0.00162,0.01363
1691674615.201519966125488,0.00338,0.00019,0.00139,0.00607,0.00018,0.00186,0.01308
1691674615.234862565994263,0.00322,0.00021,0.00061,0.00605,0.00020,0.00170,0.01199
1691674615.268188714981079,0.00291,0.00023,0.00254,0.00655,0.00312,0.00199,0.01735
1691674615.301468849182129,0.00303,0.00020,0.00009,0.00617,0.00080,0.00198,0.01227
1691674615.334806680679321,0.00303,0.00021,0.00079,0.00639,0.00000,0.00181,0.01223
1691674615.368175745010376,0.00276,0.00021,0.00014,0.00655,0.00004,0.00212,0.01183
1691674615.401519775390625,0.00327,0.00024,0.00002,0.00653,0.00082,0.00171,0.01259
1691674615.434870958328247,0.00272,0.00021,0.00002,0.00618,0.00144,0.00189,0.01247
1691674615.468213796615601,0.00299,0.00022,0.00035,0.00675,0.00080,0.00166,0.01278
1691674615.501563549041748,0.00382,0.00022,0.00008,0.00593,0.00006,0.00163,0.01174
1691674615.534913301467896,0.00313,0.00023,0.00009,0.00613,0.00142,0.00166,0.01267
1691674615.568269252777100,0.00396,0.00026,0.00184,0.00624,0.00151,0.00161,0.01543
1691674615.601630687713623,0.00367,0.00025,0.00010,0.00667,0.00138,0.00165,0.01372
1691674615.634974956512451,0.00397,0.00025,0.00004,0.00659,0.00160,0.00186,0.01432
1691674615.668311834335327,0.00323,0.00021,0.00273,0.00658,0.00006,0.00206,0.01488
1691674615.701663970947266,0.00313,0.00021,0.00156,0.00632,0.00272,0.00188,0.01582
1691674615.735010623931885,0.00318,0.00025,0.00068,0.00617,0.00081,0.00192,0.01301
1691674615.768356561660767,0.00329,0.00039,0.00005,0.00729,0.00215,0.00190,0.01507
1691674615.801703453063965,0.00327,0.00023,0.00026,0.00705,0.00087,0.00171,0.01339
1691674615.835061550140381,0.00351,0.00021,0.00002,0.00705,0.00091,0.00197,0.01368
1691674615.868417501449585,0.00905,0.00076,0.00045,0.02227,0.00000,0.00301,0.03554
1691674615.901768445968628,0.00388,0.00029,0.00002,0.00762,0.00006,0.00198,0.01386
1691674615.935120582580566,0.00330,0.00020,0.00008,0.00640,0.00000,0.00177,0.01176
1691674615.968486309051514,0.00342,0.00020,0.00009,0.00571,0.00209,0.00163,0.01313
1691674616.001837253570557,0.00328,0.00022,0.00085,0.00555,0.00106,0.00189,0.01285
1691674616.035159587860107,0.00375,0.00021,0.00086,0.00598,0.00000,0.00187,0.01267
1691674616.068518877029419,0.00276,0.00021,0.00313,0.00651,0.00283,0.00173,0.01718
1691674616.101862907409668,0.00585,0.00021,0.00133,0.00613,0.00223,0.00181,0.01756
1691674616.135219097137451,0.00430,0.00022,0.00132,0.00556,0.00131,0.00177,0.01447
1691674616.168551683425903,0.00329,0.00020,0.00018,0.00590,0.00273,0.00177,0.01406
1691674616.201869010925293,0.00303,0.00022,0.00003,0.00834,0.00091,0.00179,0.01432
1691674616.235231399536133,0.00381,0.00021,0.00026,0.00593,0.00117,0.00192,0.01330
1691674616.268583774566650,0.00327,0.00025,0.00036,0.00702,0.00000,0.00168,0.01259
1691674616.301904439926147,0.00332,0.00028,0.00263,0.00598,0.00016,0.00177,0.01415
1691674616.335231065750122,0.00319,0.00021,0.00025,0.00603,0.00000,0.00185,0.01154
1691674616.368580341339111,0.00626,0.00022,0.00002,0.00532,0.00279,0.00190,0.01652
1691674616.401947736740112,0.00873,0.00059,0.00030,0.01234,0.00222,0.00278,0.02696
1691674616.435302257537842,0.00335,0.00024,0.00208,0.00489,0.00389,0.00172,0.01617
1691674616.468651771545410,0.00309,0.00023,0.00155,0.00561,0.00141,0.00174,0.01362
1691674616.501991271972656,0.00575,0.00036,0.00101,0.00685,0.00405,0.00172,0.01972
1691674616.535349607467651,0.00336,0.00020,0.00009,0.00652,0.00141,0.00175,0.01332
1691674616.568674087524414,0.00269,0.00024,0.00633,0.00726,0.00145,0.00184,0.01981
1691674616.602024793624878,0.00330,0.00020,0.00129,0.00595,0.00118,0.00169,0.01362
1691674616.635375022888184,0.00252,0.00018,0.00052,0.00522,0.00000,0.00240,0.01086
1691674616.668720722198486,0.00317,0.00037,0.00031,0.00678,0.00004,0.00167,0.01235
1691674616.702075004577637,0.00309,0.00042,0.00079,0.00588,0.00243,0.00182,0.01444
1691674616.735423803329468,0.00382,0.00021,0.00077,0.00695,0.00000,0.00196,0.01372
1691674616.768778085708618,0.00326,0.00021,0.00009,0.00592,0.00001,0.00179,0.01129
1691674616.802121639251709,0.00282,0.00035,0.00017,0.00593,0.00034,0.00242,0.01204
1691674616.835472106933594,0.00360,0.00024,0.00038,0.00524,0.00304,0.00190,0.01441
1691674616.868826627731323,0.00333,0.00028,0.00007,0.00544,0.00300,0.00174,0.01386
1691674616.902181386947632,0.00346,0.00027,0.00009,0.00569,0.00000,0.00298,0.01249
1691674616.935528039932251,0.00331,0.00020,0.00100,0.00512,0.00018,0.00167,0.01148
1691674616.968874692916870,0.00273,0.00021,0.00009,0.00595,0.00393,0.00167,0.01458
1691674617.002217769622803,0.00292,0.00021,0.00008,0.00635,0.00032,0.00227,0.01215
1691674617.035563230514526,0.00284,0.00021,0.00002,0.00612,0.00137,0.00174,0.01229
1691674617.068912506103516,0.00305,0.00021,0.00007,0.00637,0.00138,0.00181,0.01288
1691674617.102262496948242,0.00297,0.00022,0.00023,0.00629,0.00220,0.00177,0.01368
1691674617.135607957839966,0.00264,0.00022,0.00018,0.00532,0.00268,0.00171,0.01274
1691674617.168957948684692,0.00298,0.00022,0.00017,0.00547,0.00000,0.00173,0.01056
1691674617.202309608459473,0.00312,0.00019,0.00021,0.00430,0.00046,0.00183,0.01011
1691674617.235665321350098,0.00291,0.00021,0.00012,0.00460,0.00119,0.00172,0.01077
1691674617.269020795822144,0.00287,0.00022,0.00016,0.00438,0.00412,0.00173,0.01347
1691674617.302366733551025,0.00295,0.00020,0.00013,0.00522,0.00135,0.00174,0.01158
1691674617.335711956024170,0.00353,0.00021,0.00012,0.00525,0.00369,0.00187,0.01468
1691674617.369056463241577,0.00299,0.00024,0.00011,0.00640,0.00076,0.00157,0.01207
1691674617.402426242828369,0.00264,0.00030,0.00092,0.00649,0.00255,0.00147,0.01438
1691674617.435776710510254,0.00305,0.00020,0.00008,0.00547,0.00007,0.00181,0.01068
1691674617.469110727310181,0.00294,0.00028,0.00021,0.00543,0.00000,0.00157,0.01043
1691674617.502479553222656,0.00292,0.00022,0.00013,0.00531,0.00145,0.00155,0.01158
1691674617.535839319229126,0.00266,0.00020,0.00025,0.00673,0.00380,0.00155,0.01517
1691674617.569184541702271,0.00343,0.00022,0.00007,0.00639,0.00000,0.00155,0.01166
1691674617.602532625198364,0.00838,0.00062,0.00030,0.01289,0.00015,0.00230,0.02464
1691674617.635886669158936,0.00274,0.00019,0.00002,0.00589,0.00145,0.00163,0.01192
1691674617.669235944747925,0.00250,0.00020,0.00014,0.00608,0.00025,0.00184,0.01103
1691674617.702584028244019,0.00283,0.00018,0.00001,0.00631,0.00000,0.00177,0.01112
1691674617.735932111740112,0.00463,0.00031,0.00010,0.00684,0.00001,0.00181,0.01371
1691674617.769277095794678,0.00394,0.00036,0.00036,0.00625,0.00001,0.00182,0.01274
1691674617.802619218826294,0.00567,0.00021,0.00023,0.00536,0.00091,0.00177,0.01415
1691674617.835966825485229,0.00322,0.00021,0.00057,0.00517,0.00007,0.00198,0.01122
1691674617.869314908981323,0.00352,0.00024,0.00009,0.00505,0.00000,0.00177,0.01066
1691674617.902682065963745,0.01400,0.00061,0.00051,0.01671,0.00315,0.00382,0.03880
1691674617.936038494110107,0.00350,0.00019,0.00006,0.00483,0.00340,0.00222,0.01420
1691674617.969392776489258,0.00342,0.00021,0.00007,0.00606,0.00017,0.00168,0.01162
1691674618.002753257751465,0.00609,0.00021,0.00017,0.00540,0.00086,0.00230,0.01503
1691674618.036093711853027,0.00320,0.00021,0.00004,0.00548,0.00000,0.00174,0.01066
1691674618.069458723068237,0.00280,0.00021,0.00013,0.00548,0.00769,0.00222,0.01853
1691674618.102830648422241,0.00300,0.00020,0.00007,0.00697,0.00000,0.00163,0.01188
1691674618.136193275451660,0.00284,0.00021,0.00003,0.00683,0.00421,0.00191,0.01604
1691674618.169555902481079,0.00651,0.00023,0.00014,0.00692,0.00163,0.00183,0.01726
1691674618.202911376953125,0.00377,0.00023,0.00267,0.00620,0.00028,0.00161,0.01476
1691674618.236261367797852,0.00313,0.00019,0.00087,0.00534,0.00178,0.00185,0.01317
1691674618.269612550735474,0.01019,0.00073,0.00090,0.01735,0.00262,0.00311,0.03490
1691674618.302962541580200,0.00442,0.00022,0.00028,0.00470,0.00028,0.00197,0.01187
1691674618.336309909820557,0.00556,0.00027,0.00022,0.00420,0.00033,0.00198,0.01258
1691674618.369670391082764,0.00383,0.00021,0.00010,0.00470,0.00153,0.00180,0.01217
1691674618.403017997741699,0.00488,0.00026,0.00018,0.00463,0.00033,0.00180,0.01209
1691674618.436369657516479,0.00284,0.00020,0.00007,0.00532,0.00008,0.00179,0.01031
1691674618.469725847244263,0.00276,0.00021,0.00002,0.00537,0.00133,0.00232,0.01201
1691674618.503075599670410,0.00895,0.00051,0.00031,0.00911,0.00000,0.00272,0.02160
1691674618.536434888839722,0.00320,0.00022,0.00015,0.00506,0.00144,0.00178,0.01184
1691674618.569793939590454,0.00340,0.00032,0.00002,0.00766,0.00000,0.00170,0.01310
1691674618.603152036666870,0.00350,0.00020,0.00039,0.00406,0.00170,0.00171,0.01155
1691674618.636507749557495,0.00311,0.00018,0.00017,0.00410,0.00109,0.00182,0.01047
1691674618.669850349426270,0.00948,0.00055,0.00029,0.00882,0.00223,0.00217,0.02355
1691674618.703206300735474,0.00539,0.00022,0.00040,0.00421,0.00070,0.00171,0.01263
1691674618.736554622650146,0.00641,0.00021,0.00009,0.00452,0.00000,0.00279,0.01402
1691674618.769903421401978,0.00425,0.00023,0.00013,0.00390,0.00035,0.00178,0.01064
1691674618.803261280059814,0.00304,0.00020,0.00066,0.00433,0.00245,0.00194,0.01261
1691674618.836630344390869,0.00299,0.00020,0.00076,0.00468,0.00009,0.00184,0.01057
1691674618.869995832443237,0.00307,0.00023,0.00016,0.00446,0.00077,0.00192,0.01060
1691674618.903355598449707,0.00282,0.00025,0.00050,0.00413,0.00000,0.00201,0.00971
1691674618.936725378036499,0.00892,0.00027,0.00004,0.00394,0.00030,0.00174,0.01522
1691674618.970085144042969,0.01231,0.00046,0.00062,0.00654,0.00535,0.00221,0.02749
1691674619.003436326980591,0.00330,0.00018,0.00007,0.00475,0.00304,0.00208,0.01342
1691674619.036789655685425,0.00329,0.00021,0.00002,0.00503,0.00047,0.00189,0.01091
1691674619.070131540298462,0.00511,0.00027,0.00003,0.00511,0.00281,0.00168,0.01501
1691674619.103489160537720,0.00317,0.00023,0.00002,0.00518,0.00000,0.00187,0.01047
1691674619.136851549148560,0.00590,0.00022,0.00015,0.00465,0.00048,0.00197,0.01337
1691674619.170206069946289,0.00339,0.00020,0.00040,0.00353,0.00030,0.00182,0.00964
1691674619.203569412231445,0.00304,0.00020,0.00032,0.00375,0.00016,0.00174,0.00921
1691674619.236943244934082,0.00378,0.00025,0.00043,0.00369,0.00226,0.00175,0.01217
1691674619.270303010940552,0.00272,0.00019,0.00014,0.00390,0.00005,0.00199,0.00900
1691674619.303673505783081,0.00329,0.00021,0.00007,0.00353,0.00529,0.00171,0.01410
1691674619.337050914764404,0.00294,0.00020,0.00019,0.00377,0.00770,0.00191,0.01671
1691674619.370416402816772,0.01153,0.00060,0.00101,0.01583,0.00256,0.00315,0.03467
1691674619.403784036636353,0.00367,0.00022,0.00009,0.00560,0.00153,0.00160,0.01272
1691674619.437192201614380,0.00269,0.00020,0.00012,0.00522,0.00509,0.00219,0.01551
1691674619.470621585845947,0.00408,0.00040,0.00062,0.00575,0.00077,0.00209,0.01371
1691674619.504022359848022,0.00375,0.00024,0.00010,0.00427,0.00001,0.00183,0.01020
1691674619.537389993667603,0.00298,0.00023,0.00147,0.00447,0.00842,0.00181,0.01938
1691674619.570735454559326,0.00319,0.00023,0.00016,0.00572,0.00014,0.00171,0.01115
1691674619.604095220565796,0.00291,0.00026,0.00016,0.00547,0.00006,0.00191,0.01077
1691674619.637459278106689,0.00309,0.00022,0.00013,0.00570,0.00024,0.00171,0.01110
1691674619.670822381973267,0.00290,0.00019,0.00002,0.00617,0.00190,0.00184,0.01303
1691674619.704186201095581,0.00318,0.00032,0.00003,0.00663,0.00088,0.00194,0.01297
1691674619.737541198730469,0.00678,0.00038,0.00096,0.00763,0.00111,0.00190,0.01878
1691674619.770899772644043,0.00518,0.00023,0.00014,0.00750,0.00000,0.00172,0.01478
1691674619.804268121719360,0.00298,0.00021,0.00049,0.00541,0.00146,0.00173,0.01228
1691674619.837632894515991,0.00643,0.00020,0.00011,0.00603,0.00117,0.00174,0.01570
1691674619.870998144149780,0.00299,0.00023,0.00031,0.00513,0.00023,0.00182,0.01071
1691674619.904400825500488,0.00346,0.00023,0.00007,0.00517,0.00206,0.00178,0.01276
1691674619.937771797180176,0.00643,0.00022,0.00018,0.00545,0.00485,0.00183,0.01897
1691674619.971142292022705,0.00309,0.00021,0.00006,0.00593,0.00084,0.00177,0.01191
1691674620.004545450210571,0.00396,0.00023,0.00143,0.00540,0.00499,0.00172,0.01774
1691674620.037900924682617,0.00441,0.00022,0.00067,0.00619,0.00095,0.00170,0.01414
1691674620.071267843246460,0.01195,0.00037,0.00130,0.01075,0.00294,0.00205,0.02936
1691674620.104650735855103,0.00338,0.00025,0.00023,0.00707,0.00006,0.00177,0.01276
1691674620.138029575347900,0.00955,0.00066,0.00053,0.01752,0.00027,0.00288,0.03142
1691674620.171395301818848,0.00389,0.00021,0.00033,0.00568,0.00002,0.00175,0.01188
1691674620.204746961593628,0.00343,0.00023,0.00032,0.00513,0.00022,0.00169,0.01103
1691674620.238097667694092,0.00280,0.00020,0.00026,0.00449,0.00060,0.00180,0.01014
1691674620.271454572677612,0.00962,0.00063,0.00097,0.01287,0.00091,0.00286,0.02787
1691674620.304818391799927,0.00347,0.00022,0.00025,0.00494,0.00181,0.00173,0.01241
1691674620.338169097900391,0.00586,0.00030,0.00030,0.00760,0.00034,0.00224,0.01663
1691674620.371525287628174,0.00343,0.00021,0.00030,0.00484,0.00132,0.00181,0.01190
1691674620.404885768890381,0.00294,0.00020,0.00011,0.00534,0.00160,0.00192,0.01211
1691674620.438254117965698,0.00469,0.00022,0.00018,0.00538,0.00147,0.00192,0.01385
1691674620.471605062484741,0.00506,0.00021,0.00027,0.00485,0.00000,0.00184,0.01223
1691674620.504958152770996,0.00348,0.00020,0.00084,0.00470,0.00175,0.00184,0.01280
1691674620.538308620452881,0.00417,0.00020,0.00011,0.00471,0.00151,0.00184,0.01254
1691674620.571659803390503,0.00299,0.00020,0.00112,0.00493,0.00279,0.00167,0.01370
1691674620.605015277862549,0.00321,0.00022,0.00019,0.00538,0.00033,0.00175,0.01108
1691674620.638379096984863,0.00301,0.00021,0.00105,0.00514,0.00134,0.00205,0.01281
1691674620.671748876571655,0.00365,0.00021,0.00008,0.00489,0.00401,0.00172,0.01457
1691674620.705128669738770,0.00335,0.00022,0.00017,0.00532,0.00042,0.00178,0.01127
1691674620.738521575927734,0.00333,0.00021,0.00059,0.00545,0.00177,0.00173,0.01308
1691674620.771891117095947,0.00315,0.00021,0.00035,0.00634,0.00000,0.00171,0.01177
1691674620.805278301239014,0.00329,0.00022,0.00103,0.00604,0.00208,0.00190,0.01455
1691674620.838706016540527,0.00326,0.00021,0.00056,0.00633,0.00137,0.00189,0.01362
1691674620.872070550918579,0.00339,0.00025,0.00214,0.00647,0.00383,0.00175,0.01783
1691674620.905443668365479,0.00309,0.00020,0.00002,0.00774,0.00036,0.00181,0.01321
1691674620.938850402832031,0.00324,0.00021,0.00294,0.00812,0.00154,0.00196,0.01800
1691674620.972212791442871,0.00385,0.00043,0.00008,0.00821,0.00000,0.00178,0.01436
1691674621.005570411682129,0.00364,0.00026,0.00011,0.00700,0.00140,0.00193,0.01434
1691674621.038931608200073,0.00306,0.00024,0.00004,0.00715,0.00290,0.00178,0.01518
1691674621.072287797927856,0.01064,0.00052,0.00269,0.01089,0.00109,0.00198,0.02781
1691674621.105657339096069,0.00344,0.00022,0.00139,0.00737,0.00313,0.00208,0.01763
1691674621.139010906219482,0.00528,0.00022,0.00010,0.00890,0.00000,0.00214,0.01665
1691674621.172360658645630,0.00352,0.00023,0.00124,0.00873,0.00000,0.00261,0.01632
1691674621.205716133117676,0.00299,0.00021,0.00177,0.00781,0.00010,0.00178,0.01466
1691674621.239067077636719,0.00359,0.00025,0.00210,0.00779,0.00006,0.00191,0.01570
1691674621.272431135177612,0.00543,0.00022,0.00004,0.00856,0.00006,0.00182,0.01613
1691674621.305785179138184,0.00327,0.00023,0.00010,0.00687,0.00006,0.00172,0.01226
1691674621.339136362075806,0.00297,0.00020,0.00003,0.00673,0.00114,0.00168,0.01275
1691674621.372483968734741,0.00268,0.00020,0.00014,0.00644,0.00137,0.00175,0.01259
1691674621.405845403671265,0.00377,0.00036,0.00097,0.00572,0.00000,0.00167,0.01249
1691674621.439204454421997,0.00291,0.00019,0.00057,0.00362,0.00001,0.00154,0.00885
1691674621.472553730010986,0.00403,0.00017,0.00019,0.00371,0.00300,0.00169,0.01280
1691674621.505907773971558,0.00324,0.00019,0.00003,0.00421,0.00140,0.00169,0.01076
1691674621.539257287979126,0.00347,0.00019,0.00010,0.00413,0.00000,0.00217,0.01006
1691674621.572623968124390,0.00345,0.00022,0.00001,0.00416,0.00000,0.00225,0.01009
1691674621.605986833572388,0.00492,0.00019,0.00082,0.00412,0.00348,0.00170,0.01524
1691674621.639348983764648,0.00306,0.00021,0.00003,0.00469,0.00006,0.00162,0.00967
1691674621.672716856002808,0.00268,0.00023,0.00010,0.00442,0.00494,0.00178,0.01415
1691674621.706070184707642,0.00298,0.00020,0.00007,0.00558,0.00225,0.00166,0.01275
1691674621.739418745040894,0.00264,0.00022,0.00013,0.00586,0.00010,0.00178,0.01072
1691674621.772769451141357,0.00264,0.00023,0.00081,0.00714,0.00259,0.00228,0.01569
1691674621.806127309799194,0.00285,0.00021,0.00046,0.00623,0.00000,0.00162,0.01138
1691674621.839502096176147,0.00278,0.00021,0.00061,0.00552,0.00152,0.00186,0.01251
1691674621.872869014739990,0.00302,0.00051,0.00015,0.00841,0.00122,0.00154,0.01486
1691674621.906225681304932,0.00286,0.00019,0.00027,0.00519,0.00019,0.00163,0.01032
1691674621.939573287963867,0.00267,0.00023,0.00012,0.00494,0.00009,0.00170,0.00976
1691674621.972921848297119,0.00298,0.00022,0.00026,0.00389,0.00000,0.00157,0.00892
1691674622.006282091140747,0.00302,0.00021,0.00012,0.00374,0.00084,0.00202,0.00996
1691674622.039645195007324,0.00360,0.00028,0.00027,0.00366,0.00019,0.00177,0.00976
1691674622.073005914688110,0.00302,0.00019,0.00012,0.00355,0.00023,0.00162,0.00873
1691674622.106402873992920,0.00288,0.00020,0.00007,0.00329,0.00000,0.00175,0.00819
1691674622.139833927154541,0.00274,0.00018,0.00017,0.00264,0.00115,0.00157,0.00847
1691674622.173185348510742,0.00310,0.00020,0.00028,0.00295,0.00049,0.00206,0.00909
1691674622.206611394882202,0.00304,0.00020,0.00008,0.00284,0.00000,0.00195,0.00811
1691674622.240086078643799,0.00284,0.00017,0.00007,0.00266,0.00001,0.00157,0.00732
1691674622.273478507995605,0.00279,0.00019,0.00009,0.00302,0.00015,0.00162,0.00786
1691674622.306836605072021,0.00556,0.00032,0.00015,0.00420,0.00026,0.00244,0.01293
1691674622.340216159820557,0.00626,0.00037,0.00040,0.00371,0.00330,0.00262,0.01668
1691674622.373600959777832,0.00547,0.00019,0.00044,0.00215,0.00244,0.00163,0.01232
1691674622.406976699829102,0.00260,0.00016,0.00072,0.00249,0.00312,0.00183,0.01093
1691674622.440339088439941,0.00286,0.00019,0.00019,0.00291,0.00066,0.00162,0.00843
1691674622.473691940307617,0.00526,0.00022,0.00020,0.00320,0.00019,0.00167,0.01074
1691674622.507053136825562,0.00419,0.00025,0.00016,0.00384,0.00138,0.00214,0.01197
1691674622.540418386459351,0.00263,0.00018,0.00006,0.00250,0.00227,0.00178,0.00941
1691674622.573776483535767,0.00272,0.00018,0.00027,0.00254,0.00041,0.00227,0.00839
1691674622.607130050659180,0.00292,0.00018,0.00020,0.00245,0.00121,0.00169,0.00866
1691674622.640491962432861,0.00336,0.00022,0.00021,0.00220,0.00072,0.00186,0.00857
1691674622.673853635787964,0.00855,0.00032,0.00013,0.00422,0.00389,0.00199,0.01910
1691674622.707216262817383,0.00294,0.00017,0.00003,0.00229,0.00006,0.00157,0.00706
1691674622.740585565567017,0.00368,0.00019,0.00016,0.00222,0.00358,0.00168,0.01152
1691674622.773939371109009,0.00380,0.00019,0.00026,0.00247,0.00060,0.00157,0.00889
1691674622.807323455810547,0.00276,0.00018,0.00018,0.00211,0.00005,0.00151,0.00680
1691674622.840708732604980,0.00288,0.00017,0.00172,0.00191,0.00122,0.00173,0.00963
1691674622.874085903167725,0.00982,0.00061,0.00276,0.00946,0.00398,0.00413,0.03075
1691674622.907478809356689,0.00458,0.00023,0.00009,0.00386,0.00270,0.00226,0.01371
1691674622.940865516662598,0.00273,0.00019,0.00009,0.00273,0.00065,0.00183,0.00822
1691674622.974230051040649,0.00596,0.00020,0.00039,0.00242,0.00250,0.00171,0.01318
1691674623.007611274719238,0.00944,0.00067,0.00055,0.00976,0.00633,0.00346,0.03021
1691674623.040974378585815,0.00417,0.00025,0.00009,0.00432,0.00044,0.00214,0.01141
1691674623.074321508407593,0.00322,0.00020,0.00003,0.00305,0.00006,0.00173,0.00830
1691674623.107689142227173,0.00308,0.00021,0.00007,0.00306,0.00135,0.00175,0.00951
1691674623.141048192977905,0.00290,0.00022,0.00009,0.00315,0.00092,0.00200,0.00927
1691674623.174397945404053,0.00291,0.00021,0.00004,0.00309,0.00006,0.00173,0.00804
1691674623.207756519317627,0.00271,0.00024,0.00002,0.00300,0.00006,0.00184,0.00788
1691674623.241106510162354,0.00268,0.00020,0.00002,0.00299,0.00008,0.00168,0.00765
1691674623.274463415145874,0.00561,0.00033,0.00110,0.00450,0.00238,0.00204,0.01597
1691674623.307823181152344,0.00298,0.00022,0.00004,0.00296,0.00120,0.00190,0.00930
1691674623.341173648834229,0.00307,0.00019,0.00014,0.00297,0.00125,0.00169,0.00930
1691674623.374528646469116,0.00413,0.00018,0.00094,0.00307,0.00040,0.00171,0.01044
1691674623.407880067825317,0.00292,0.00021,0.00024,0.00287,0.00206,0.00162,0.00992
1691674623.441232204437256,0.00307,0.00017,0.00016,0.00306,0.00005,0.00199,0.00851
1691674623.474602460861206,0.00379,0.00021,0.00048,0.00317,0.00006,0.00171,0.00941
1691674623.507971763610840,0.00324,0.00019,0.00016,0.00279,0.00009,0.00164,0.00812
1691674623.541322469711304,0.00325,0.00019,0.00027,0.00261,0.00268,0.00167,0.01066
1691674623.574697256088257,0.00296,0.00020,0.00056,0.00292,0.00060,0.00159,0.00883
1691674623.608077287673950,0.00323,0.00018,0.00062,0.00270,0.00062,0.00171,0.00907
1691674623.641426086425781,0.00307,0.00019,0.00031,0.00272,0.00008,0.00174,0.00812
1691674623.674778938293457,0.00472,0.00018,0.00024,0.00281,0.00026,0.00188,0.01010
1691674623.708147048950195,0.00306,0.00019,0.00036,0.00246,0.00023,0.00216,0.00847
1691674623.741511583328247,0.01048,0.00056,0.00021,0.00851,0.00000,0.00473,0.02450
1691674623.774885416030884,0.00454,0.00020,0.00037,0.00253,0.00522,0.00181,0.01467
1691674623.808239698410034,0.00371,0.00021,0.00007,0.00309,0.00030,0.00176,0.00913
1691674623.841604471206665,0.00652,0.00017,0.00002,0.00302,0.00257,0.00202,0.01431
1691674623.874964475631714,0.00330,0.00029,0.00004,0.00371,0.00251,0.00185,0.01171
1691674623.908315896987915,0.00380,0.00020,0.00089,0.00341,0.00179,0.00188,0.01198
1691674623.941665410995483,0.00371,0.00024,0.00015,0.00317,0.00012,0.00177,0.00915
1691674623.975016355514526,0.00325,0.00026,0.00067,0.00322,0.00463,0.00167,0.01370
1691674624.008368492126465,0.00322,0.00020,0.00016,0.00358,0.00001,0.00165,0.00882
1691674624.041717052459717,0.00299,0.00020,0.00055,0.00322,0.00125,0.00201,0.01023
1691674624.075064182281494,0.00310,0.00019,0.00063,0.00323,0.00081,0.00171,0.00966
1691674624.108418226242065,0.00296,0.00019,0.00086,0.00329,0.00037,0.00185,0.00951
1691674624.141765356063843,0.00292,0.00019,0.00015,0.00310,0.00030,0.00196,0.00862
1691674624.175116300582886,0.00329,0.00022,0.00057,0.00296,0.00037,0.00203,0.00943
1691674624.208473682403564,0.00293,0.00020,0.00008,0.00291,0.00030,0.00208,0.00850
1691674624.241836309432983,0.00331,0.00018,0.00002,0.00305,0.00151,0.00202,0.01009
1691674624.275190353393555,0.00333,0.00028,0.00017,0.00254,0.00079,0.00202,0.00913
1691674624.308546543121338,0.00352,0.00019,0.00012,0.00231,0.00225,0.00174,0.01013
1691674624.341908693313599,0.00810,0.00020,0.00093,0.00250,0.00325,0.00184,0.01682
1691674624.375276088714600,0.00467,0.00018,0.00056,0.00255,0.00024,0.00173,0.00994
1691674624.408650159835815,0.00327,0.00019,0.00012,0.00227,0.00196,0.00167,0.00948
1691674624.442021846771240,0.00345,0.00019,0.00020,0.00217,0.00014,0.00189,0.00804
1691674624.475386381149292,0.00601,0.00032,0.00020,0.00228,0.00108,0.00176,0.01166
1691674624.508741617202759,0.00324,0.00018,0.00006,0.00199,0.00028,0.00196,0.00771
1691674624.542092084884644,0.00287,0.00019,0.00027,0.00198,0.00110,0.00171,0.00813
1691674624.575440645217896,0.01163,0.00058,0.00005,0.00735,0.00053,0.00447,0.02462
1691674624.608794927597046,0.00359,0.00017,0.00006,0.00186,0.00168,0.00188,0.00926
1691674624.642137527465820,0.00325,0.00019,0.00005,0.00212,0.00200,0.00218,0.00978
1691674624.675484895706177,0.00732,0.00017,0.00002,0.00263,0.00022,0.00193,0.01228
1691674624.708839654922485,0.00339,0.00019,0.00066,0.00255,0.00418,0.00206,0.01302
1691674624.742193937301636,0.00406,0.00021,0.00007,0.00326,0.00009,0.00190,0.00960
1691674624.775552272796631,0.00711,0.00028,0.00044,0.00376,0.00169,0.00186,0.01514
1691674624.808906793594360,0.00346,0.00021,0.00048,0.00280,0.00022,0.00177,0.00894
1691674624.842261075973511,0.00313,0.00020,0.00004,0.00278,0.00092,0.00200,0.00908
1691674624.875613927841187,0.00790,0.00031,0.00024,0.00429,0.00238,0.00176,0.01688
1691674624.908963203430176,0.00310,0.00019,0.00032,0.00284,0.00045,0.00195,0.00885
1691674624.942310810089111,0.00525,0.00018,0.00011,0.00291,0.00240,0.00199,0.01284
1691674624.975660800933838,0.00306,0.00018,0.00049,0.00320,0.00349,0.00177,0.01218
1691674625.009011745452881,0.00350,0.00021,0.00083,0.00420,0.00021,0.00175,0.01070
1691674625.042370557785034,0.00769,0.00033,0.00043,0.00477,0.00037,0.00263,0.01623
1691674625.075720071792603,0.00455,0.00017,0.00058,0.00257,0.00016,0.00175,0.00978
1691674625.109068870544434,0.00332,0.00019,0.00022,0.00226,0.00010,0.00168,0.00776
1691674625.142429828643799,0.00345,0.00018,0.00066,0.00199,0.00125,0.00186,0.00938
1691674625.175790071487427,0.01087,0.00054,0.00061,0.00816,0.00071,0.00407,0.02496
1691674625.209141016006470,0.00475,0.00026,0.00007,0.00337,0.00009,0.00220,0.01075
1691674625.242491960525513,0.00390,0.00018,0.00062,0.00200,0.00025,0.00193,0.00889
1691674625.275844812393188,0.00392,0.00025,0.00038,0.00194,0.00318,0.00211,0.01178
1691674625.309194326400757,0.00344,0.00017,0.00042,0.00273,0.00022,0.00221,0.00919
1691674625.342541217803955,0.00302,0.00018,0.00007,0.00250,0.00031,0.00183,0.00791
1691674625.375888109207153,0.00299,0.00019,0.00007,0.00229,0.00112,0.00198,0.00865
1691674625.409237146377563,0.00320,0.00019,0.00041,0.00242,0.00000,0.00197,0.00818
1691674625.442590951919556,0.00336,0.00018,0.00061,0.00233,0.00027,0.00191,0.00866
1691674625.475942850112915,0.00815,0.00033,0.00016,0.00291,0.00024,0.00236,0.01416
1691674625.509294271469116,0.00319,0.00018,0.00031,0.00162,0.00218,0.00198,0.00946
1691674625.542643547058105,0.00329,0.00018,0.00009,0.00197,0.00028,0.00194,0.00774
1691674625.575989723205566,0.00398,0.00017,0.00135,0.00167,0.00024,0.00169,0.00909
1691674625.609335660934448,0.00347,0.00017,0.00027,0.00133,0.00115,0.00180,0.00819
1691674625.642681360244751,0.00334,0.00016,0.00050,0.00128,0.00083,0.00205,0.00816
1691674625.676033735275269,0.00320,0.00018,0.00008,0.00141,0.00524,0.00198,0.01209
1691674625.709384202957153,0.00389,0.00022,0.00016,0.00245,0.00222,0.00203,0.01097
1691674625.742733001708984,0.00447,0.00019,0.00012,0.00239,0.00250,0.00206,0.01173
1691674625.776086330413818,0.00412,0.00029,0.00014,0.00269,0.00121,0.00209,0.01054
1691674625.809445381164551,0.00403,0.00027,0.00012,0.00280,0.00170,0.00207,0.01098
1691674625.842807054519653,0.00382,0.00024,0.00136,0.00331,0.00182,0.00219,0.01275
1691674625.876161813735962,0.00377,0.00018,0.00011,0.00292,0.00317,0.00242,0.01259
1691674625.909522056579590,0.00353,0.00020,0.00032,0.00327,0.00006,0.00189,0.00927
1691674625.942891120910645,0.00391,0.00018,0.00026,0.00309,0.00271,0.00268,0.01283
1691674625.976250648498535,0.00368,0.00021,0.00034,0.00343,0.00036,0.00214,0.01016
1691674626.009604215621948,0.00367,0.00019,0.00068,0.00327,0.00030,0.00218,0.01029
1691674626.042959451675415,0.00349,0.00020,0.00016,0.00312,0.00190,0.00201,0.01089
1691674626.076315402984619,0.00345,0.00018,0.00044,0.00311,0.00528,0.00196,0.01441
1691674626.109664440155029,0.00344,0.00021,0.00064,0.00322,0.00126,0.00181,0.01059
1691674626.143018245697021,0.00345,0.00018,0.00049,0.00281,0.00143,0.00270,0.01107
1691674626.176369905471802,0.01283,0.00046,0.00057,0.00676,0.00373,0.00282,0.02718
1691674626.209724426269531,0.00333,0.00019,0.00083,0.00305,0.00265,0.00195,0.01199
1691674626.243074417114258,0.00328,0.00019,0.00042,0.00342,0.00122,0.00208,0.01062
1691674626.276422739028931,0.00327,0.00019,0.00034,0.00328,0.00020,0.00178,0.00906
1691674626.309772491455078,0.00357,0.00019,0.00002,0.00346,0.00088,0.00175,0.00988
1691674626.343123912811279,0.00329,0.00018,0.00049,0.00339,0.00020,0.00186,0.00942
1691674626.376482725143433,0.00675,0.00020,0.00002,0.00336,0.00060,0.00182,0.01275
1691674626.409833669662476,0.00303,0.00021,0.00038,0.00315,0.00379,0.00211,0.01267
1691674626.443197011947632,0.00348,0.00019,0.00007,0.00333,0.00375,0.00202,0.01284
1691674626.476549148559570,0.00358,0.00022,0.00021,0.00321,0.00072,0.00174,0.00968
1691674626.509898185729980,0.00719,0.00025,0.00145,0.00339,0.00146,0.00179,0.01553
1691674626.543271303176880,0.00314,0.00018,0.00006,0.00339,0.00394,0.00234,0.01305
1691674626.576633930206299,0.00445,0.00025,0.00027,0.00387,0.00101,0.00176,0.01161
1691674626.609978914260864,0.00372,0.00032,0.00048,0.00492,0.00077,0.00175,0.01197
1691674626.643336296081543,0.00425,0.00019,0.00044,0.00415,0.00071,0.00182,0.01156
1691674626.676685094833374,0.01374,0.00072,0.00030,0.00780,0.00115,0.00287,0.02658
1691674626.710034847259521,0.00349,0.00019,0.00009,0.00460,0.00118,0.00186,0.01141
1691674626.743388652801514,0.00338,0.00021,0.00052,0.00440,0.00050,0.00192,0.01095
1691674626.776732444763184,0.00427,0.00025,0.00058,0.00455,0.00394,0.00227,0.01586
1691674626.810076236724854,0.00341,0.00019,0.00013,0.00439,0.00231,0.00202,0.01244
1691674626.843425035476685,0.00414,0.00035,0.00033,0.00501,0.00284,0.00201,0.01469
1691674626.876768589019775,0.00378,0.00022,0.00021,0.00483,0.00009,0.00186,0.01099
1691674626.910114765167236,0.00376,0.00021,0.00059,0.00466,0.00012,0.00200,0.01133
1691674626.943460702896118,0.00612,0.00020,0.00028,0.00486,0.00177,0.00202,0.01525
1691674626.976807832717896,0.00327,0.00026,0.00018,0.00499,0.00039,0.00198,0.01106
1691674627.010158061981201,0.00357,0.00022,0.00018,0.00451,0.00098,0.00195,0.01141
1691674627.043505668640137,0.00519,0.00020,0.00022,0.00460,0.00233,0.00217,0.01471
1691674627.076850891113281,0.00333,0.00019,0.00048,0.00471,0.00007,0.00170,0.01048
1691674627.110199213027954,0.00311,0.00021,0.00021,0.00492,0.00044,0.00209,0.01097
1691674627.143545150756836,0.00310,0.00022,0.00016,0.00439,0.00155,0.00274,0.01216
1691674627.176894187927246,0.00308,0.00018,0.00028,0.00445,0.00126,0.00199,0.01126
1691674627.210243940353394,0.00285,0.00019,0.00003,0.00481,0.00388,0.00196,0.01371
1691674627.243590831756592,0.00353,0.00020,0.00017,0.00497,0.00284,0.00186,0.01359
1691674627.276937246322632,0.00300,0.00019,0.00053,0.00561,0.00012,0.00212,0.01156
1691674627.310286045074463,0.00422,0.00026,0.00015,0.00502,0.00032,0.00175,0.01174
1691674627.343632221221924,0.00344,0.00023,0.00004,0.00583,0.00164,0.00196,0.01314
1691674627.376980543136597,0.00321,0.00021,0.00023,0.00541,0.00090,0.00172,0.01168
1691674627.410326719284058,0.00300,0.00024,0.00035,0.00525,0.00000,0.00179,0.01063
1691674627.443673849105835,0.00388,0.00022,0.00025,0.00538,0.00146,0.00172,0.01290
1691674627.477020263671875,0.00354,0.00024,0.00024,0.00487,0.00008,0.00167,0.01065
1691674627.510368824005127,0.00325,0.00021,0.00036,0.00485,0.00028,0.00212,0.01107
1691674627.543717622756958,0.00328,0.00020,0.00008,0.00487,0.00026,0.00174,0.01043
1691674627.577067613601685,0.00331,0.00020,0.00038,0.00427,0.00006,0.00175,0.00996
1691674627.610414981842041,0.00326,0.00018,0.00010,0.00426,0.01025,0.00165,0.01971
1691674627.643763542175293,0.00306,0.00022,0.00018,0.00481,0.00160,0.00185,0.01171
1691674627.677110433578491,0.00282,0.00019,0.00063,0.00502,0.00131,0.00174,0.01172
1691674627.710458755493164,0.00335,0.00020,0.00028,0.00498,0.00280,0.00184,0.01346
1691674627.743804216384888,0.00347,0.00021,0.00022,0.00469,0.00006,0.00189,0.01055
1691674627.777152299880981,0.00330,0.00025,0.00009,0.00472,0.00033,0.00183,0.01053
1691674627.810498714447021,0.00319,0.00018,0.00002,0.00462,0.00000,0.00175,0.00977
1691674627.843846321105957,0.00385,0.00021,0.00008,0.00461,0.00155,0.00180,0.01210
1691674627.877190828323364,0.00349,0.00020,0.00007,0.00490,0.00078,0.00177,0.01121
1691674627.910537242889404,0.00281,0.00020,0.00018,0.00418,0.00030,0.00210,0.00978
1691674627.943881034851074,0.00416,0.00020,0.00035,0.00349,0.00083,0.00300,0.01203
1691674627.977227449417114,0.00326,0.00021,0.00006,0.00359,0.00308,0.00188,0.01208
1691674628.010555744171143,0.00295,0.00019,0.00010,0.00385,0.00143,0.00280,0.01132
1691674628.043899059295654,0.00318,0.00020,0.00014,0.00368,0.00121,0.00191,0.01032
1691674628.077245950698853,0.00280,0.00019,0.00067,0.00362,0.00115,0.00263,0.01106
1691674628.110593080520630,0.00429,0.00018,0.00003,0.00392,0.00161,0.00180,0.01185
1691674628.143939733505249,0.00948,0.00060,0.00162,0.01373,0.00550,0.00455,0.03547
1691674628.177286386489868,0.00437,0.00029,0.00013,0.00550,0.00275,0.00192,0.01495
1691674628.210633039474487,0.00360,0.00018,0.00047,0.00489,0.00000,0.00280,0.01195
1691674628.243980169296265,0.00308,0.00019,0.00002,0.00515,0.00225,0.00186,0.01256
1691674628.277325868606567,0.00718,0.00020,0.00013,0.00629,0.00009,0.00293,0.01682
1691674628.310672044754028,0.00346,0.00019,0.00037,0.00539,0.00303,0.00219,0.01463
1691674628.344014883041382,0.00438,0.00023,0.00016,0.00543,0.00173,0.00214,0.01406
1691674628.377359628677368,0.01089,0.00049,0.00031,0.00883,0.00080,0.00217,0.02348
1691674628.410704612731934,0.00325,0.00019,0.00003,0.00529,0.00077,0.00203,0.01156
1691674628.444051027297974,0.00314,0.00020,0.00015,0.00509,0.00000,0.00198,0.01056
1691674628.477396488189697,0.00286,0.00020,0.00007,0.00498,0.00100,0.00338,0.01248
1691674628.510741233825684,0.00369,0.00020,0.00021,0.00530,0.00214,0.00169,0.01323
1691674628.544087886810303,0.00289,0.00021,0.00009,0.00539,0.00000,0.00181,0.01040
1691674628.577433586120605,0.00527,0.00020,0.00002,0.00568,0.00025,0.00164,0.01306
1691674628.610777854919434,0.00321,0.00020,0.00037,0.00602,0.00140,0.00206,0.01325
1691674628.644122123718262,0.00307,0.00023,0.00002,0.00579,0.00107,0.00174,0.01193
1691674628.677467346191406,0.00991,0.00060,0.00033,0.01249,0.00049,0.00249,0.02632
1691674628.710815429687500,0.00464,0.00019,0.00046,0.00594,0.00096,0.00173,0.01392
1691674628.744161128997803,0.00354,0.00022,0.00008,0.00728,0.00037,0.00187,0.01337
1691674628.777503728866577,0.00407,0.00019,0.00044,0.00519,0.00136,0.00206,0.01331
1691674628.810847043991089,0.00337,0.00021,0.00026,0.00564,0.00000,0.00195,0.01144
1691674628.844195127487183,0.00354,0.00021,0.00008,0.00538,0.00001,0.00209,0.01131
1691674628.877538919448853,0.00711,0.00019,0.00060,0.00539,0.00000,0.00186,0.01516
1691674628.910887718200684,0.00276,0.00023,0.00016,0.00539,0.00025,0.00173,0.01052
1691674628.944235324859619,0.00272,0.00020,0.00002,0.00502,0.00125,0.00214,0.01134
1691674628.977583885192871,0.00370,0.00022,0.00002,0.00539,0.00128,0.00168,0.01229
1691674629.010930538177490,0.00301,0.00022,0.00002,0.00530,0.00029,0.00180,0.01065
1691674629.044276237487793,0.00316,0.00021,0.00004,0.00670,0.00241,0.00167,0.01418
1691674629.077622175216675,0.00414,0.00020,0.00102,0.00510,0.00078,0.00171,0.01295
1691674629.110968112945557,0.00302,0.00020,0.00095,0.00567,0.00397,0.00173,0.01555
1691674629.144313573837280,0.00308,0.00022,0.00002,0.00613,0.00322,0.00187,0.01455
1691674629.177662134170532,0.00314,0.00021,0.00038,0.00681,0.00006,0.00178,0.01238
1691674629.211008787155151,0.00325,0.00021,0.00002,0.00711,0.00000,0.00184,0.01243
1691674629.244354963302612,0.00286,0.00025,0.00007,0.00693,0.00000,0.00166,0.01178
1691674629.277702808380127,0.00499,0.00021,0.00002,0.00767,0.00000,0.00202,0.01492
1691674629.311052322387695,0.00326,0.00023,0.00002,0.00666,0.00006,0.00172,0.01194
1691674629.344402074813843,0.00315,0.00021,0.00016,0.00581,0.00020,0.00242,0.01196
1691674629.377746820449829,0.00343,0.00023,0.00015,0.00562,0.00037,0.00183,0.01164
1691674629.411089897155762,0.00360,0.00021,0.00032,0.00571,0.00253,0.00176,0.01412
1691674629.444437503814697,0.00328,0.00023,0.00014,0.00568,0.00156,0.00176,0.01265
1691674629.477784395217896,0.00369,0.00021,0.00157,0.00561,0.00036,0.00207,0.01351
1691674629.511129617691040,0.00324,0.00021,0.00026,0.00495,0.00131,0.00169,0.01167
1691674629.544478416442871,0.00346,0.00020,0.00079,0.00494,0.00034,0.00215,0.01188
1691674629.577824831008911,0.00342,0.00020,0.00018,0.00501,0.00139,0.00167,0.01188
1691674629.611172914505005,0.00345,0.00021,0.00204,0.00462,0.00021,0.00190,0.01244
1691674629.644520282745361,0.00327,0.00020,0.00019,0.00466,0.00123,0.00160,0.01115
1691674629.677868843078613,0.00327,0.00019,0.00115,0.00451,0.00000,0.00176,0.01089
1691674629.711216449737549,0.00290,0.00019,0.00127,0.00403,0.00069,0.00169,0.01079
1691674629.744563341140747,0.00358,0.00020,0.00032,0.00381,0.00000,0.00190,0.00982
1691674629.777910470962524,0.00338,0.00021,0.00016,0.00370,0.00067,0.00173,0.00985
1691674629.811256647109985,0.00317,0.00018,0.00010,0.00371,0.00006,0.00181,0.00904
1691674629.844604015350342,0.00344,0.00019,0.00053,0.00369,0.00136,0.00193,0.01115
1691674629.877949237823486,0.00355,0.00020,0.00085,0.00364,0.00116,0.00170,0.01109
1691674629.911298274993896,0.00324,0.00020,0.00004,0.00363,0.00118,0.00219,0.01047
1691674629.944643020629883,0.00330,0.00020,0.00053,0.00356,0.00450,0.00225,0.01433
1691674629.977988719940186,0.01219,0.00050,0.00046,0.00882,0.00604,0.00308,0.03109
1691674630.011330127716064,0.00409,0.00019,0.00065,0.00473,0.00000,0.00210,0.01175
1691674630.044667720794678,0.00351,0.00021,0.00025,0.00371,0.00131,0.00240,0.01140
1691674630.078006267547607,0.00440,0.00020,0.00056,0.00458,0.00265,0.00183,0.01423
1691674630.111353874206543,0.00340,0.00022,0.00085,0.00406,0.00530,0.00175,0.01557
1691674630.144698381423950,0.00322,0.00021,0.00035,0.00510,0.00135,0.00186,0.01209
1691674630.178040504455566,0.00380,0.00021,0.00114,0.00493,0.00103,0.00175,0.01287
1691674630.211374759674072,0.00321,0.00021,0.00091,0.00508,0.00006,0.00191,0.01138
1691674630.244718551635742,0.00344,0.00027,0.00013,0.00572,0.00037,0.00186,0.01179
1691674630.278064250946045,0.00284,0.00022,0.00018,0.00450,0.00302,0.00190,0.01265
1691674630.311410188674927,0.00327,0.00021,0.00006,0.00502,0.00009,0.00263,0.01129
1691674630.344756603240967,0.00269,0.00019,0.00025,0.00468,0.00000,0.00201,0.00982
1691674630.378099679946899,0.00288,0.00020,0.00002,0.00448,0.00118,0.00161,0.01036
1691674630.411444187164307,0.00292,0.00020,0.00002,0.00489,0.00000,0.00191,0.00994
1691674630.444791316986084,0.00296,0.00023,0.00002,0.00481,0.00145,0.00232,0.01180
1691674630.478137016296387,0.00878,0.00066,0.00007,0.01340,0.00261,0.00273,0.02824
1691674630.511483192443848,0.00336,0.00022,0.00008,0.00566,0.00056,0.00166,0.01154
1691674630.544825792312622,0.00267,0.00018,0.00002,0.00487,0.00126,0.00191,0.01092
1691674630.578172922134399,0.00326,0.00019,0.00002,0.00520,0.00016,0.00162,0.01045
1691674630.611519098281860,0.00475,0.00023,0.00007,0.00546,0.00021,0.00175,0.01247
1691674630.644865036010742,0.00362,0.00021,0.00015,0.00555,0.00148,0.00180,0.01283
1691674630.678210496902466,0.00305,0.00020,0.00016,0.00462,0.00240,0.00173,0.01217
1691674630.711558580398560,0.00748,0.00042,0.00026,0.01035,0.00032,0.00258,0.02141
1691674630.744902849197388,0.00343,0.00022,0.00010,0.00473,0.00270,0.00210,0.01328
1691674630.778246641159058,0.00631,0.00024,0.00017,0.00463,0.00007,0.00175,0.01317
1691674630.811589241027832,0.00305,0.00020,0.00013,0.00459,0.00136,0.00188,0.01120
1691674630.844921350479126,0.00280,0.00021,0.00009,0.00420,0.00048,0.00181,0.00959
1691674630.878265857696533,0.00295,0.00021,0.00009,0.00396,0.00178,0.00187,0.01088
1691674630.911611318588257,0.00553,0.00019,0.00044,0.00423,0.00127,0.00228,0.01396
1691674630.944946765899658,0.00353,0.00021,0.00011,0.00437,0.00006,0.00208,0.01035
1691674630.978291511535645,0.00364,0.00019,0.00008,0.00445,0.00149,0.00173,0.01159
1691674631.011636018753052,0.00317,0.00022,0.00010,0.00439,0.00071,0.00167,0.01025
1691674631.044976949691772,0.00324,0.00019,0.00091,0.00427,0.00029,0.00171,0.01061
1691674631.078319787979126,0.00312,0.00018,0.00002,0.00387,0.00006,0.00164,0.00890
1691674631.111667871475220,0.00265,0.00018,0.00027,0.00351,0.00172,0.00191,0.01025
1691674631.145014762878418,0.00333,0.00020,0.00018,0.00377,0.00127,0.00174,0.01051
1691674631.178362846374512,0.00251,0.00018,0.00002,0.00422,0.00338,0.00164,0.01194
1691674631.211708784103394,0.00292,0.00021,0.00013,0.00473,0.00123,0.00173,0.01095
1691674631.245053291320801,0.00308,0.00019,0.00192,0.00460,0.00172,0.00171,0.01323
1691674631.278399944305420,0.01159,0.00097,0.00345,0.00894,0.00451,0.00268,0.03214
1691674631.311744928359985,0.00340,0.00021,0.00014,0.00616,0.00131,0.00189,0.01312
1691674631.345089435577393,0.00345,0.00019,0.00002,0.00665,0.00007,0.00191,0.01229
1691674631.378435850143433,0.00380,0.00024,0.00008,0.00611,0.00140,0.00169,0.01332
1691674631.411781311035156,0.00544,0.00031,0.00002,0.00644,0.00162,0.00192,0.01575
1691674631.445123434066772,0.00294,0.00022,0.00002,0.00590,0.00019,0.00191,0.01118
1691674631.478459358215332,0.00290,0.00022,0.00052,0.00501,0.00006,0.00162,0.01033
1691674631.511808156967163,0.00389,0.00020,0.00021,0.00415,0.00035,0.00183,0.01064
1691674631.545156717300415,0.00333,0.00020,0.00008,0.00440,0.00018,0.00195,0.01015
1691674631.578500509262085,0.00302,0.00020,0.00090,0.00385,0.00030,0.00150,0.00977
1691674631.611832141876221,0.00361,0.00019,0.00002,0.00425,0.00006,0.00198,0.01011
1691674631.645162820816040,0.00349,0.00019,0.00017,0.00335,0.00064,0.00167,0.00952
1691674631.678496599197388,0.00320,0.00019,0.00011,0.00342,0.00028,0.00194,0.00914
1691674631.711827039718628,0.00756,0.00021,0.00012,0.00424,0.00165,0.00182,0.01560
1691674631.745169878005981,0.00377,0.00020,0.00013,0.00477,0.00026,0.00266,0.01179
1691674631.778516769409180,0.00341,0.00021,0.00002,0.00460,0.00089,0.00203,0.01116
1691674631.811861515045166,0.00286,0.00019,0.00010,0.00425,0.00000,0.00233,0.00973
1691674631.845206975936890,0.00303,0.00020,0.00007,0.00364,0.00010,0.00191,0.00897
1691674631.878554105758667,0.01365,0.00046,0.00025,0.00773,0.00013,0.00318,0.02540
1691674631.911903619766235,0.00383,0.00019,0.00022,0.00328,0.00018,0.00213,0.00983
1691674631.945249557495117,0.00270,0.00019,0.00007,0.00335,0.00110,0.00197,0.00939
1691674631.978598833084106,0.00309,0.00020,0.00051,0.00281,0.00228,0.00167,0.01055
1691674632.011942863464355,0.00305,0.00019,0.00082,0.00327,0.00689,0.00204,0.01628
1691674632.045291423797607,0.00398,0.00023,0.00098,0.00368,0.00061,0.00225,0.01174
1691674632.078639984130859,0.00321,0.00023,0.00008,0.00332,0.00676,0.00196,0.01556
1691674632.111989736557007,0.00348,0.00023,0.00012,0.00413,0.00017,0.00164,0.00977
1691674632.145333290100098,0.00320,0.00020,0.00016,0.00424,0.00155,0.00208,0.01143
1691674632.178681373596191,0.00444,0.00022,0.00072,0.00498,0.00014,0.00227,0.01278
1691674632.212011814117432,0.00361,0.00022,0.00007,0.00416,0.00000,0.00206,0.01012
1691674632.245346307754517,0.00454,0.00018,0.00008,0.00402,0.00076,0.00178,0.01136
1691674632.278690814971924,0.00310,0.00019,0.00039,0.00359,0.00174,0.00195,0.01097
1691674632.312026977539062,0.00322,0.00018,0.00016,0.00358,0.00016,0.00166,0.00896
1691674632.345332145690918,0.00355,0.00020,0.00036,0.00329,0.00025,0.00200,0.00964
1691674632.378666639328003,0.00290,0.00020,0.00008,0.00334,0.00145,0.00168,0.00965
1691674632.412013053894043,0.00309,0.00020,0.00012,0.00383,0.00149,0.00160,0.01032
1691674632.445346355438232,0.00285,0.00025,0.00009,0.00428,0.00328,0.00172,0.01246
1691674632.478690147399902,0.00309,0.00021,0.00008,0.00440,0.00485,0.00190,0.01453
1691674632.512039422988892,0.00354,0.00022,0.00007,0.00535,0.00148,0.00161,0.01227
1691674632.545387744903564,0.00684,0.00020,0.00002,0.00613,0.00008,0.00209,0.01536
1691674632.578737020492554,0.00331,0.00022,0.00028,0.00559,0.00006,0.00170,0.01116
1691674632.612083435058594,0.00329,0.00020,0.00002,0.00552,0.00126,0.00156,0.01184
1691674632.645433664321899,0.00328,0.00022,0.00002,0.00642,0.00281,0.00181,0.01456
1691674632.678780555725098,0.01060,0.00065,0.00231,0.01344,0.00184,0.00215,0.03099
1691674632.712129831314087,0.00377,0.00025,0.00002,0.00672,0.00170,0.00213,0.01459
1691674632.745476961135864,0.00358,0.00021,0.00041,0.00715,0.00027,0.00203,0.01366
1691674632.778825759887695,0.00315,0.00021,0.00244,0.00664,0.00143,0.00222,0.01609
1691674632.812172412872314,0.00976,0.00080,0.00087,0.02219,0.00000,0.00342,0.03704
1691674632.845519065856934,0.00371,0.00031,0.00338,0.00712,0.00027,0.00186,0.01665
1691674632.878868341445923,0.00292,0.00021,0.00008,0.00626,0.00023,0.00210,0.01181
1691674632.912218570709229,0.00561,0.00023,0.00065,0.00593,0.00030,0.00186,0.01458
1691674632.945564985275269,0.00342,0.00020,0.00027,0.00562,0.00183,0.00193,0.01326
1691674632.978914260864258,0.00712,0.00023,0.00103,0.00594,0.00083,0.00177,0.01692
1691674633.012261152267456,0.00275,0.00021,0.00009,0.00576,0.00026,0.00161,0.01069
1691674633.045602798461914,0.00359,0.00021,0.00009,0.00574,0.00001,0.00156,0.01121
1691674633.078946113586426,0.00372,0.00023,0.00008,0.00557,0.00001,0.00169,0.01130
1691674633.112295389175415,0.00596,0.00019,0.00002,0.00555,0.00000,0.00174,0.01347
1691674633.145645380020142,0.00308,0.00019,0.00007,0.00509,0.00000,0.00185,0.01027
1691674633.178992509841919,0.00282,0.00020,0.00088,0.00470,0.00456,0.00192,0.01507
1691674633.212340593338013,0.00592,0.00022,0.00009,0.00634,0.00006,0.00202,0.01466
1691674633.245688438415527,0.00306,0.00022,0.00024,0.00574,0.00033,0.00158,0.01117
1691674633.279036045074463,0.00617,0.00022,0.00019,0.00498,0.00001,0.00165,0.01322
1691674633.312386274337769,0.00334,0.00022,0.00015,0.00474,0.00068,0.00175,0.01088
1691674633.345735788345337,0.00341,0.00018,0.00013,0.00449,0.00080,0.00179,0.01081
1691674633.379085540771484,0.00856,0.00038,0.00007,0.00908,0.00390,0.00327,0.02525
1691674633.412436485290527,0.00385,0.00022,0.00040,0.00470,0.00059,0.00179,0.01155
1691674633.445788621902466,0.01092,0.00053,0.00015,0.00967,0.00000,0.00288,0.02414
1691674633.479138851165771,0.00359,0.00021,0.00132,0.00403,0.00029,0.00175,0.01120
1691674633.512487888336182,0.00327,0.00021,0.00067,0.00425,0.00018,0.00194,0.01052
1691674633.545835018157959,0.00339,0.00020,0.00013,0.00428,0.00001,0.00206,0.01007
1691674633.579185247421265,0.00755,0.00037,0.00028,0.00707,0.00024,0.00247,0.01798
1691674633.612530708312988,0.00329,0.00021,0.00004,0.00407,0.00126,0.00179,0.01066
1691674633.645877122879028,0.00314,0.00020,0.00013,0.00419,0.00262,0.00199,0.01227
1691674633.679223299026489,0.00342,0.00019,0.00016,0.00384,0.00122,0.00192,0.01076
1691674633.712570905685425,0.00296,0.00025,0.00074,0.00377,0.00692,0.00179,0.01643
1691674633.745917558670044,0.00278,0.00021,0.00022,0.00427,0.00398,0.00173,0.01320
1691674633.779267549514771,0.00722,0.00025,0.00022,0.00605,0.00001,0.00179,0.01554
1691674633.812618494033813,0.00313,0.00021,0.00028,0.00446,0.00044,0.00166,0.01019
1691674633.845967769622803,0.00293,0.00022,0.00002,0.00483,0.00000,0.00216,0.01017
1691674633.879307985305786,0.00676,0.00021,0.00010,0.00413,0.00136,0.00167,0.01424
1691674633.912652492523193,0.00649,0.00033,0.00050,0.00552,0.00184,0.00233,0.01701
1691674633.945992708206177,0.00298,0.00021,0.00070,0.00285,0.00369,0.00210,0.01253
1691674633.979338884353638,0.00726,0.00036,0.00078,0.00477,0.00055,0.00247,0.01619
1691674634.012689590454102,0.00423,0.00024,0.00024,0.00384,0.00018,0.00192,0.01065
1691674634.046041965484619,0.00322,0.00020,0.00021,0.00338,0.00075,0.00160,0.00936
1691674634.079391002655029,0.00336,0.00021,0.00011,0.00354,0.00016,0.00171,0.00908
1691674634.112739801406860,0.00577,0.00018,0.00011,0.00317,0.00144,0.00193,0.01260
1691674634.146085500717163,0.00293,0.00021,0.00015,0.00358,0.00017,0.00159,0.00863
1691674634.179427862167358,0.00356,0.00019,0.00032,0.00346,0.00004,0.00164,0.00922
1691674634.212768316268921,0.00323,0.00020,0.00036,0.00328,0.00000,0.00163,0.00869
1691674634.246113538742065,0.00306,0.00022,0.00002,0.00326,0.00000,0.00158,0.00813
1691674634.279460191726685,0.00387,0.00019,0.00007,0.00338,0.00002,0.00201,0.00954
1691674634.312808990478516,0.00319,0.00019,0.00006,0.00302,0.00065,0.00197,0.00909
1691674634.346152544021606,0.00295,0.00021,0.00011,0.00325,0.00148,0.00193,0.00993
1691674634.379496574401855,0.00275,0.00018,0.00008,0.00321,0.00113,0.00169,0.00905
1691674634.412843465805054,0.00276,0.00018,0.00026,0.00381,0.00545,0.00197,0.01443
1691674634.446189165115356,0.00292,0.00019,0.00009,0.00452,0.00295,0.00173,0.01239
1691674634.479536771774292,0.00344,0.00029,0.00054,0.00498,0.00014,0.00181,0.01121
1691674634.512887239456177,0.00434,0.00018,0.00041,0.00363,0.00228,0.00167,0.01250
1691674634.546234846115112,0.00367,0.00025,0.00011,0.00409,0.00502,0.00171,0.01484
1691674634.579581022262573,0.00301,0.00022,0.00012,0.00465,0.00075,0.00166,0.01041
1691674634.612925529479980,0.00401,0.00027,0.00010,0.00445,0.00071,0.00162,0.01116
1691674634.646271705627441,0.00300,0.00025,0.00030,0.00455,0.00010,0.00171,0.00991
1691674634.679616689682007,0.00407,0.00024,0.00002,0.00415,0.00028,0.00169,0.01045
1691674634.712962865829468,0.00277,0.00020,0.00028,0.00346,0.00001,0.00163,0.00836
1691674634.746307134628296,0.00444,0.00019,0.00018,0.00308,0.00040,0.00196,0.01026
1691674634.779654979705811,0.00298,0.00022,0.00061,0.00276,0.00027,0.00158,0.00841
1691674634.813002824783325,0.00317,0.00019,0.00016,0.00291,0.00155,0.00195,0.00993
1691674634.846352815628052,0.00302,0.00017,0.00040,0.00365,0.00192,0.00188,0.01105
1691674634.879699230194092,0.00314,0.00021,0.00099,0.00627,0.00023,0.00240,0.01323
1691674634.913046598434448,0.01452,0.00061,0.00029,0.01205,0.00154,0.00430,0.03331
1691674634.946394920349121,0.00364,0.00020,0.00008,0.00332,0.00114,0.00230,0.01068
1691674634.979741096496582,0.00378,0.00021,0.00048,0.00314,0.00141,0.00180,0.01083
1691674635.013090372085571,0.00365,0.00022,0.00006,0.00303,0.00232,0.00193,0.01121
1691674635.046442508697510,0.00330,0.00019,0.00022,0.00336,0.00266,0.00180,0.01153
1691674635.079794168472290,0.00314,0.00021,0.00104,0.00283,0.00048,0.00160,0.00929
1691674635.113142490386963,0.00320,0.00021,0.00068,0.00302,0.00144,0.00204,0.01059
1691674635.146488666534424,0.00322,0.00019,0.00068,0.00324,0.00109,0.00185,0.01028
1691674635.179837465286255,0.00678,0.00019,0.00022,0.00362,0.00415,0.00177,0.01673
1691674635.213182687759399,0.00335,0.00020,0.00015,0.00374,0.00217,0.00171,0.01133
1691674635.246531724929810,0.00654,0.00019,0.00111,0.00357,0.00085,0.00171,0.01398
1691674635.279879331588745,0.00336,0.00020,0.00019,0.00338,0.00108,0.00165,0.00985
1691674635.313226461410522,0.00951,0.00042,0.00088,0.00698,0.00396,0.00310,0.02485
1691674635.346572160720825,0.00433,0.00018,0.00008,0.00535,0.00000,0.00178,0.01172
1691674635.379923343658447,0.00298,0.00020,0.00222,0.00334,0.00000,0.00176,0.01050
1691674635.413272619247437,0.00329,0.00021,0.00010,0.00342,0.00108,0.00177,0.00987
1691674635.446619749069214,0.00338,0.00024,0.00011,0.00348,0.00238,0.00210,0.01170
1691674635.479968547821045,0.00308,0.00020,0.00002,0.00345,0.00222,0.00174,0.01071
1691674635.513315677642822,0.00450,0.00021,0.00011,0.00322,0.00261,0.00189,0.01254
1691674635.546661615371704,0.00599,0.00020,0.00022,0.00354,0.00287,0.00212,0.01494
1691674635.580008029937744,0.00328,0.00021,0.00043,0.00379,0.00138,0.00213,0.01122
1691674635.613353729248047,0.00322,0.00021,0.00085,0.00394,0.00216,0.00163,0.01202
1691674635.646701812744141,0.00580,0.00023,0.00101,0.00412,0.00075,0.00195,0.01387
1691674635.680048227310181,0.00298,0.00020,0.00033,0.00418,0.00129,0.00184,0.01083
1691674635.713397502899170,0.00339,0.00024,0.00031,0.00429,0.00275,0.00160,0.01260
1691674635.746744394302368,0.00285,0.00021,0.00015,0.00502,0.00000,0.00193,0.01016
1691674635.780089855194092,0.00344,0.00024,0.00010,0.00415,0.00019,0.00165,0.00976
1691674635.813433647155762,0.00429,0.00021,0.00100,0.00383,0.00012,0.00160,0.01106
1691674635.846778392791748,0.00390,0.00024,0.00002,0.00348,0.00000,0.00161,0.00925
1691674635.880125045776367,0.00262,0.00019,0.00006,0.00306,0.00147,0.00175,0.00915
1691674635.913471698760986,0.00283,0.00019,0.00014,0.00305,0.00256,0.00225,0.01103
1691674635.946820020675659,0.00281,0.00019,0.00017,0.00309,0.00113,0.00187,0.00926
1691674635.980167150497437,0.00309,0.00022,0.00036,0.00314,0.00000,0.00197,0.00879
1691674636.013512611389160,0.00341,0.00020,0.00022,0.00262,0.00105,0.00181,0.00931
1691674636.046864509582520,0.00304,0.00019,0.00014,0.00265,0.00271,0.00192,0.01067
1691674636.080213069915771,0.00394,0.00018,0.00077,0.00279,0.00034,0.00166,0.00969
1691674636.113563299179077,0.00324,0.00021,0.00046,0.00294,0.00044,0.00175,0.00905
1691674636.146913051605225,0.00303,0.00019,0.00017,0.00327,0.00084,0.00170,0.00921
1691674636.180264472961426,0.00283,0.00018,0.00002,0.00322,0.00061,0.00158,0.00844
1691674636.213611841201782,0.00342,0.00020,0.00002,0.00341,0.00390,0.00162,0.01258
1691674636.246958255767822,0.00320,0.00021,0.00009,0.00366,0.00005,0.00168,0.00890
1691674636.280307531356812,0.00290,0.00021,0.00004,0.00358,0.00148,0.00176,0.00996
1691674636.313658952713013,0.00297,0.00022,0.00061,0.00368,0.00000,0.00177,0.00924
1691674636.347007036209106,0.00326,0.00020,0.00089,0.00428,0.00536,0.00195,0.01594
1691674636.380357265472412,0.00323,0.00020,0.00174,0.00378,0.00358,0.00182,0.01434
1691674636.413706779479980,0.00292,0.00020,0.00014,0.00439,0.00311,0.00182,0.01257
1691674636.447056055068970,0.00363,0.00021,0.00012,0.00444,0.00025,0.00191,0.01055
1691674636.480409383773804,0.00301,0.00021,0.00062,0.00398,0.00149,0.00188,0.01120
1691674636.513761281967163,0.01110,0.00113,0.00069,0.01352,0.00065,0.00325,0.03035
1691674636.547113418579102,0.00407,0.00026,0.00033,0.00428,0.00022,0.00199,0.01116
1691674636.580466985702515,0.00312,0.00019,0.00016,0.00359,0.00242,0.00171,0.01118
1691674636.613813877105713,0.00266,0.00019,0.00025,0.00392,0.00065,0.00175,0.00943
1691674636.647166728973389,0.00405,0.00024,0.00049,0.00313,0.00007,0.00183,0.00981
1691674636.680516481399536,0.00296,0.00018,0.00007,0.00319,0.00262,0.00176,0.01078
1691674636.713867664337158,0.00295,0.00018,0.00012,0.00273,0.00130,0.00187,0.00915
1691674636.747220516204834,0.00291,0.00018,0.00027,0.00294,0.00035,0.00178,0.00843
1691674636.780574083328247,0.00375,0.00023,0.00025,0.00319,0.00025,0.00176,0.00944
1691674636.813925743103027,0.00430,0.00025,0.00011,0.00315,0.00082,0.00171,0.01036
1691674636.847271919250488,0.00365,0.00019,0.00026,0.00291,0.00000,0.00164,0.00866
1691674636.880616426467896,0.00287,0.00022,0.00012,0.00299,0.00218,0.00160,0.00998
1691674636.913957834243774,0.00292,0.00025,0.00025,0.00314,0.00324,0.00171,0.01151
1691674636.947308778762817,0.00938,0.00058,0.00017,0.01242,0.01088,0.00219,0.03562
1691674636.980660438537598,0.00328,0.00020,0.00002,0.00440,0.00119,0.00177,0.01086
1691674637.014009475708008,0.00299,0.00019,0.00012,0.00428,0.00235,0.00173,0.01166
1691674637.047365188598633,0.00342,0.00021,0.00004,0.00442,0.00219,0.00217,0.01244
1691674637.080716371536255,0.00335,0.00020,0.00086,0.00436,0.00342,0.00180,0.01399
1691674637.114066362380981,0.00341,0.00021,0.00030,0.00510,0.00036,0.00223,0.01162
1691674637.147415161132812,0.00289,0.00023,0.00007,0.00562,0.00172,0.00185,0.01239
1691674637.180763721466064,0.00343,0.00022,0.00022,0.00576,0.00220,0.00195,0.01379
1691674637.214112758636475,0.00321,0.00022,0.00047,0.00660,0.00135,0.00163,0.01350
1691674637.247465372085571,0.00338,0.00023,0.00004,0.00626,0.00000,0.00174,0.01165
1691674637.280816078186035,0.00352,0.00023,0.00075,0.00565,0.00080,0.00179,0.01275
1691674637.314166307449341,0.00343,0.00021,0.00140,0.00497,0.00006,0.00186,0.01193
1691674637.347509384155273,0.00440,0.00021,0.00051,0.00466,0.00599,0.00210,0.01788
1691674637.380860328674316,0.00340,0.00021,0.00118,0.00490,0.00161,0.00170,0.01301
1691674637.414207935333252,0.00328,0.00021,0.00161,0.00558,0.00149,0.00207,0.01424
1691674637.447557449340820,0.00322,0.00021,0.00142,0.00514,0.00407,0.00221,0.01628
1691674637.480905055999756,0.00343,0.00023,0.00025,0.00549,0.00091,0.00181,0.01213
1691674637.514254570007324,0.00349,0.00022,0.00018,0.00496,0.00036,0.00203,0.01122
1691674637.547605514526367,0.00433,0.00022,0.00026,0.00524,0.00084,0.00186,0.01276
1691674637.580956935882568,0.01149,0.00062,0.00048,0.01506,0.00056,0.00322,0.03144
1691674637.614306211471558,0.00566,0.00028,0.00109,0.00554,0.00000,0.00170,0.01427
1691674637.647655963897705,0.00332,0.00022,0.00139,0.00472,0.00378,0.00162,0.01505
1691674637.681004524230957,0.00322,0.00022,0.00012,0.00538,0.00021,0.00210,0.01125
1691674637.714354515075684,0.00344,0.00022,0.00099,0.00532,0.00088,0.00189,0.01274
1691674637.747705459594727,0.00332,0.00024,0.00022,0.00514,0.00271,0.00211,0.01374
1691674637.781055688858032,0.00377,0.00022,0.00004,0.00570,0.00006,0.00177,0.01156
1691674637.814405202865601,0.00354,0.00024,0.00145,0.00523,0.00149,0.00205,0.01400
1691674637.847755432128906,0.00363,0.00032,0.00044,0.00530,0.00246,0.00243,0.01458
1691674637.881104469299316,0.00330,0.00020,0.00094,0.00403,0.00279,0.00163,0.01289
1691674637.914454936981201,0.00621,0.00022,0.00012,0.00475,0.00533,0.00179,0.01842
1691674637.947803258895874,0.00302,0.00023,0.00119,0.00451,0.00024,0.00189,0.01109
1691674637.981152057647705,0.00346,0.00021,0.00030,0.00439,0.00009,0.00186,0.01031
1691674638.014502048492432,0.00314,0.00022,0.00031,0.00369,0.00135,0.00192,0.01063
1691674638.047852516174316,0.00344,0.00020,0.00047,0.00382,0.00017,0.00184,0.00994
1691674638.081201076507568,0.00355,0.00019,0.00037,0.00330,0.00023,0.00175,0.00939
1691674638.114555597305298,0.00337,0.00021,0.00100,0.00281,0.00073,0.00182,0.00994
1691674638.147898912429810,0.00415,0.00019,0.00137,0.00227,0.00287,0.00177,0.01262
1691674638.181249618530273,0.00358,0.00018,0.00021,0.00276,0.00450,0.00168,0.01291
1691674638.214596748352051,0.00551,0.00020,0.00022,0.00306,0.00226,0.00199,0.01325
1691674638.247946977615356,0.00302,0.00020,0.00067,0.00343,0.00020,0.00194,0.00946
1691674638.281298160552979,0.00320,0.00017,0.00012,0.00294,0.00115,0.00171,0.00929
1691674638.314654827117920,0.00314,0.00020,0.00006,0.00310,0.00016,0.00171,0.00839
1691674638.347993373870850,0.00302,0.00019,0.00131,0.00323,0.00212,0.00169,0.01156
1691674638.381344556808472,0.00372,0.00019,0.00072,0.00349,0.00071,0.00192,0.01076
1691674638.414694070816040,0.00383,0.00026,0.00022,0.00335,0.00014,0.00206,0.00986
1691674638.448045492172241,0.01086,0.00062,0.00187,0.01012,0.01079,0.00266,0.03691
1691674638.481395483016968,0.00395,0.00023,0.00059,0.00353,0.00015,0.00185,0.01028
1691674638.514745473861694,0.00737,0.00021,0.00021,0.00360,0.00021,0.00215,0.01375
1691674638.548093318939209,0.00315,0.00021,0.00043,0.00365,0.00721,0.00247,0.01713
1691674638.581445693969727,0.00323,0.00019,0.00062,0.00442,0.00403,0.00177,0.01427
1691674638.614793539047241,0.00693,0.00024,0.00062,0.00531,0.00161,0.00180,0.01650
1691674638.648143529891968,0.00358,0.00020,0.00065,0.00487,0.00254,0.00187,0.01371
1691674638.681493520736694,0.00785,0.00030,0.00027,0.00536,0.00266,0.00184,0.01828
1691674638.714842796325684,0.00335,0.00023,0.00084,0.00503,0.00023,0.00186,0.01154
1691674638.748192548751831,0.00359,0.00022,0.00074,0.00513,0.00445,0.00177,0.01590
1691674638.781545877456665,0.00339,0.00021,0.00095,0.00523,0.00009,0.00228,0.01215
1691674638.814895391464233,0.00372,0.00025,0.00047,0.00550,0.00086,0.00218,0.01299
1691674638.848249197006226,0.00380,0.00024,0.00286,0.00554,0.00384,0.00193,0.01822
1691674638.881605148315430,0.00384,0.00022,0.00044,0.00582,0.00000,0.00211,0.01243
1691674638.914963960647583,0.00409,0.00023,0.00041,0.00477,0.00102,0.00243,0.01296
1691674638.948316097259521,0.01368,0.00077,0.00493,0.00806,0.00040,0.00253,0.03037
1691674638.981677293777466,0.00375,0.00033,0.00061,0.00448,0.00172,0.00213,0.01301
1691674639.015034437179565,0.00335,0.00033,0.00059,0.00398,0.00196,0.00227,0.01247
1691674639.048381567001343,0.00450,0.00020,0.00081,0.00457,0.00201,0.00193,0.01403
1691674639.081730365753174,0.00290,0.00021,0.00025,0.00427,0.00000,0.00243,0.01007
1691674639.115082263946533,0.00304,0.00018,0.00129,0.00389,0.00000,0.00201,0.01042
1691674639.148430585861206,0.00275,0.00020,0.00100,0.00385,0.00208,0.00174,0.01163
1691674639.181779384613037,0.00294,0.00020,0.00012,0.00390,0.00363,0.00198,0.01277
1691674639.215129137039185,0.00337,0.00020,0.00016,0.00464,0.00394,0.00173,0.01403
1691674639.248481988906860,0.00286,0.00024,0.00004,0.00541,0.00421,0.00158,0.01434
1691674639.281832695007324,0.00384,0.00022,0.00011,0.00599,0.00010,0.00203,0.01230
1691674639.315183162689209,0.00330,0.00023,0.00004,0.00602,0.00147,0.00194,0.01300
1691674639.348531961441040,0.00338,0.00027,0.00067,0.00558,0.00017,0.00175,0.01182
1691674639.381881952285767,0.00323,0.00021,0.00042,0.00522,0.00226,0.00191,0.01325
1691674639.415235042572021,0.00334,0.00021,0.00096,0.00500,0.00040,0.00185,0.01177
1691674639.448590517044067,0.00347,0.00023,0.00029,0.00465,0.00083,0.00198,0.01145
1691674639.481942653656006,0.00464,0.00024,0.00024,0.00428,0.00006,0.00186,0.01132
1691674639.515293598175049,0.00307,0.00019,0.00011,0.00447,0.00040,0.00201,0.01024
1691674639.548642158508301,0.00320,0.00020,0.00053,0.00415,0.00072,0.00208,0.01088
1691674639.581991672515869,0.00332,0.00021,0.00027,0.00430,0.00295,0.00191,0.01296
1691674639.615340232849121,0.01425,0.00052,0.00018,0.00860,0.00033,0.00277,0.02665
1691674639.648689746856689,0.00434,0.00020,0.00073,0.00415,0.00041,0.00211,0.01194
1691674639.682040452957153,0.00372,0.00032,0.00218,0.00383,0.00128,0.00176,0.01310
1691674639.715393781661987,0.00319,0.00023,0.00029,0.00411,0.00010,0.00173,0.00966
1691674639.748747825622559,0.00404,0.00024,0.00119,0.00358,0.00047,0.00177,0.01129
1691674639.782102108001709,0.00705,0.00021,0.00049,0.00306,0.00135,0.00187,0.01402
1691674639.815457582473755,0.00306,0.00019,0.00015,0.00325,0.00604,0.00189,0.01458
1691674639.848810911178589,0.00380,0.00022,0.00122,0.00375,0.00292,0.00209,0.01399
1691674639.882161378860474,0.01041,0.00047,0.00031,0.00675,0.00009,0.00276,0.02079
1691674639.915512084960938,0.00447,0.00019,0.00011,0.00407,0.00014,0.00217,0.01114
1691674639.948862075805664,0.00298,0.00021,0.00009,0.00381,0.00000,0.00197,0.00906
1691674639.982212305068970,0.00383,0.00020,0.00002,0.00391,0.00081,0.00204,0.01082
1691674640.015561580657959,0.00353,0.00021,0.00008,0.00460,0.00232,0.00263,0.01337
1691674640.048913240432739,0.00379,0.00025,0.00004,0.00409,0.00115,0.00183,0.01115
1691674640.082262277603149,0.00366,0.00030,0.00068,0.00419,0.00078,0.00180,0.01140
1691674640.115613222122192,0.00308,0.00019,0.00019,0.00412,0.00005,0.00248,0.01011
1691674640.148962020874023,0.00349,0.00021,0.00015,0.00406,0.00032,0.00189,0.01012
1691674640.182312488555908,0.00308,0.00017,0.00004,0.00353,0.00082,0.00175,0.00938
1691674640.215666770935059,0.00348,0.00020,0.00013,0.00352,0.00055,0.00255,0.01044
1691674640.249022006988525,0.00639,0.00020,0.00025,0.00378,0.01054,0.00172,0.02288
1691674640.282371997833252,0.00338,0.00021,0.00190,0.00484,0.00021,0.00176,0.01230
1691674640.315723180770874,0.00310,0.00021,0.00008,0.00498,0.00113,0.00196,0.01147
1691674640.349081754684448,0.00314,0.00021,0.00029,0.00415,0.00141,0.00182,0.01101
1691674640.382449388504028,0.00341,0.00020,0.00008,0.00426,0.00028,0.00198,0.01021
1691674640.415805101394653,0.00330,0.00022,0.00002,0.00510,0.00084,0.00188,0.01136
1691674640.449157953262329,0.00339,0.00022,0.00042,0.00495,0.00040,0.00191,0.01129
1691674640.482512235641479,0.00625,0.00021,0.00013,0.00430,0.00006,0.00194,0.01290
1691674640.515859842300415,0.00342,0.00020,0.00056,0.00400,0.00195,0.00200,0.01213
1691674640.549209833145142,0.01439,0.00068,0.00128,0.01245,0.00044,0.00398,0.03323
1691674640.582563161849976,0.00483,0.00021,0.00200,0.00416,0.00129,0.00170,0.01418
1691674640.615912437438965,0.00351,0.00024,0.00040,0.00401,0.00031,0.00184,0.01032
1691674640.649263858795166,0.00355,0.00025,0.00010,0.00380,0.00140,0.00183,0.01094
1691674640.682613372802734,0.00312,0.00019,0.00011,0.00382,0.00217,0.00180,0.01122
1691674640.715965270996094,0.00458,0.00020,0.00034,0.00407,0.00146,0.00177,0.01242
1691674640.749314785003662,0.00346,0.00021,0.00014,0.00412,0.00025,0.00203,0.01022
1691674640.782665252685547,0.00317,0.00021,0.00004,0.00401,0.00012,0.00182,0.00937
1691674640.816015958786011,0.00365,0.00021,0.00065,0.00412,0.00000,0.00198,0.01061
1691674640.849367141723633,0.00748,0.00021,0.00012,0.00387,0.00166,0.00202,0.01537
1691674640.882716655731201,0.00666,0.00021,0.00056,0.00389,0.00006,0.00187,0.01325
1691674640.916067123413086,0.00423,0.00021,0.00059,0.00289,0.00184,0.00178,0.01154
1691674640.949414491653442,0.01362,0.00044,0.00004,0.00748,0.00164,0.00277,0.02599
1691674640.982763767242432,0.00391,0.00023,0.00030,0.00262,0.00124,0.00188,0.01018
1691674641.016111612319946,0.00766,0.00020,0.00016,0.00247,0.00020,0.00214,0.01283
1691674641.049462556838989,0.00330,0.00021,0.00019,0.00212,0.00119,0.00189,0.00890
1691674641.082812786102295,0.00343,0.00019,0.00079,0.00212,0.00439,0.00188,0.01280
1691674641.116166591644287,0.00395,0.00018,0.00108,0.00270,0.00036,0.00203,0.01030
1691674641.149521827697754,0.00343,0.00019,0.00026,0.00292,0.00015,0.00195,0.00891
1691674641.182875633239746,0.00425,0.00018,0.00041,0.00288,0.00011,0.00215,0.00998
1691674641.216227531433105,0.00384,0.00020,0.00041,0.00261,0.00020,0.00213,0.00940
1691674641.249579668045044,0.00342,0.00022,0.00083,0.00245,0.00188,0.00200,0.01081
1691674641.282928228378296,0.00328,0.00017,0.00010,0.00285,0.00029,0.00198,0.00868
1691674641.316279172897339,0.00349,0.00020,0.00031,0.00311,0.00030,0.00186,0.00926
1691674641.349630355834961,0.00372,0.00020,0.00015,0.00337,0.00388,0.00186,0.01318
1691674641.382980823516846,0.00317,0.00018,0.00002,0.00312,0.00030,0.00170,0.00849
1691674641.416329383850098,0.00378,0.00018,0.00016,0.00323,0.00043,0.00208,0.00987
1691674641.449678659439087,0.00353,0.00022,0.00009,0.00356,0.00326,0.00208,0.01274
1691674641.483027458190918,0.00331,0.00017,0.00009,0.00348,0.00270,0.00206,0.01180
1691674641.516378402709961,0.00327,0.00019,0.00006,0.00385,0.00102,0.00215,0.01054
1691674641.549727201461792,0.01080,0.00045,0.00147,0.00708,0.00291,0.00245,0.02515
1691674641.583077430725098,0.00313,0.00019,0.00019,0.00408,0.00269,0.00200,0.01227
1691674641.616426706314087,0.00338,0.00032,0.00076,0.00441,0.00006,0.00236,0.01130
1691674641.649776458740234,0.00401,0.00025,0.00014,0.00394,0.00149,0.00190,0.01173
1691674641.683126211166382,0.00293,0.00025,0.00016,0.00383,0.00000,0.00181,0.00898
1691674641.716476440429688,0.00358,0.00021,0.00061,0.00346,0.00478,0.00202,0.01466
1691674641.749825716018677,0.00334,0.00023,0.00014,0.00401,0.00286,0.00173,0.01231
1691674641.783175945281982,0.00342,0.00020,0.00029,0.00403,0.00026,0.00185,0.01006
1691674641.816525459289551,0.00313,0.00020,0.00014,0.00395,0.00012,0.00188,0.00942
1691674641.849874019622803,0.00354,0.00021,0.00023,0.00360,0.00012,0.00194,0.00963
1691674641.883222579956055,0.00318,0.00018,0.00027,0.00332,0.00066,0.00165,0.00927
1691674641.916571378707886,0.00663,0.00023,0.00008,0.00357,0.00020,0.00184,0.01255
1691674641.949918985366821,0.00278,0.00020,0.00030,0.00301,0.00025,0.00220,0.00875
1691674641.983267307281494,0.00360,0.00018,0.00002,0.00310,0.00024,0.00196,0.00910
1691674642.016614437103271,0.00387,0.00022,0.00007,0.00296,0.00048,0.00189,0.00949
1691674642.049961805343628,0.00342,0.00020,0.00023,0.00295,0.00140,0.00189,0.01009
1691674642.083308696746826,0.00318,0.00020,0.00013,0.00313,0.00041,0.00194,0.00899
1691674642.116656780242920,0.00344,0.00020,0.00100,0.00304,0.00191,0.00189,0.01147
1691674642.150005578994751,0.00341,0.00021,0.00013,0.00308,0.00193,0.00185,0.01061
1691674642.183355569839478,0.00357,0.00019,0.00036,0.00308,0.00011,0.00189,0.00920
1691674642.216704368591309,0.00326,0.00019,0.00010,0.00325,0.00240,0.00204,0.01124
1691674642.250052928924561,0.00345,0.00021,0.00016,0.00333,0.00032,0.00191,0.00938
1691674642.283400535583496,0.00313,0.00019,0.00004,0.00307,0.00220,0.00163,0.01026
1691674642.316749334335327,0.00319,0.00023,0.00007,0.00342,0.00075,0.00203,0.00970
1691674642.350097179412842,0.00300,0.00018,0.00051,0.00326,0.00248,0.00177,0.01122
1691674642.383446455001831,0.00598,0.00018,0.00046,0.00362,0.00131,0.00188,0.01343
1691674642.416794300079346,0.00429,0.00034,0.00064,0.00347,0.00045,0.00186,0.01105
1691674642.450143575668335,0.00433,0.00017,0.00147,0.00280,0.00024,0.00175,0.01076
1691674642.483492612838745,0.00355,0.00020,0.00030,0.00252,0.00063,0.00194,0.00914
1691674642.516842126846313,0.00448,0.00025,0.00021,0.00261,0.00024,0.00194,0.00975
1691674642.550190448760986,0.01100,0.00052,0.00017,0.00934,0.00326,0.00414,0.02843
1691674642.583538770675659,0.00461,0.00021,0.00011,0.00292,0.00315,0.00175,0.01275
1691674642.616885423660278,0.00375,0.00019,0.00089,0.00347,0.00135,0.00175,0.01141
1691674642.650233268737793,0.00360,0.00019,0.00057,0.00292,0.00028,0.00196,0.00952
1691674642.683582305908203,0.00351,0.00022,0.00008,0.00249,0.00076,0.00182,0.00889
1691674642.716931104660034,0.00531,0.00022,0.00012,0.00315,0.00119,0.00187,0.01186
1691674642.750277996063232,0.00359,0.00019,0.00108,0.00258,0.00122,0.00194,0.01060
1691674642.783624172210693,0.00329,0.00022,0.00012,0.00251,0.00090,0.00176,0.00880
1691674642.816966533660889,0.00351,0.00019,0.00012,0.00250,0.00341,0.00188,0.01162
1691674642.850312948226929,0.00375,0.00019,0.00002,0.00280,0.00247,0.00198,0.01122
1691674642.883660316467285,0.00384,0.00022,0.00018,0.00294,0.00195,0.00206,0.01120
1691674642.917009592056274,0.00342,0.00020,0.00014,0.00326,0.00029,0.00209,0.00940
1691674642.950358390808105,0.00720,0.00019,0.00007,0.00345,0.00025,0.00247,0.01362
1691674642.983706712722778,0.00302,0.00022,0.00015,0.00298,0.00447,0.00199,0.01283
1691674643.017053842544556,0.00342,0.00019,0.00002,0.00362,0.00244,0.00219,0.01189
1691674643.050402164459229,0.00603,0.00021,0.00007,0.00367,0.00251,0.00236,0.01487
1691674643.083750009536743,0.00327,0.00022,0.00018,0.00393,0.00176,0.00211,0.01147
1691674643.117098093032837,0.00300,0.00021,0.00022,0.00409,0.00288,0.00230,0.01269
1691674643.150442600250244,0.00505,0.00022,0.00010,0.00469,0.00731,0.00248,0.01986
1691674643.183789730072021,0.00403,0.00038,0.00004,0.00628,0.00017,0.00219,0.01310
1691674643.217135906219482,0.00377,0.00034,0.00237,0.00560,0.00093,0.00179,0.01481
1691674643.250481605529785,0.00416,0.00023,0.00034,0.00557,0.00030,0.00183,0.01243
1691674643.283829689025879,0.00373,0.00039,0.00038,0.00542,0.00018,0.00213,0.01224
1691674643.317177534103394,0.00402,0.00023,0.00013,0.00498,0.00034,0.00188,0.01157
1691674643.350524187088013,0.00366,0.00023,0.00032,0.00470,0.00519,0.00222,0.01632
1691674643.383872747421265,0.00377,0.00028,0.00009,0.00540,0.00036,0.00173,0.01163
1691674643.417220354080200,0.00345,0.00021,0.00058,0.00471,0.00032,0.00235,0.01161
1691674643.450568914413452,0.00359,0.00023,0.00039,0.00428,0.00137,0.00203,0.01188
1691674643.483916759490967,0.00363,0.00023,0.00023,0.00439,0.00252,0.00193,0.01293
1691674643.517265796661377,0.00378,0.00022,0.00036,0.00438,0.00038,0.00227,0.01138
1691674643.550614118576050,0.00367,0.00020,0.00038,0.00437,0.00240,0.00184,0.01286
1691674643.583962440490723,0.00339,0.00021,0.00051,0.00417,0.00196,0.00206,0.01230
1691674643.617310285568237,0.00380,0.00022,0.00074,0.00446,0.00130,0.00180,0.01233
1691674643.650658130645752,0.00335,0.00024,0.00046,0.00386,0.00320,0.00174,0.01284
1691674643.684003591537476,0.00352,0.00026,0.00010,0.00383,0.00369,0.00174,0.01314
1691674643.717351913452148,0.00376,0.00021,0.00021,0.00436,0.00126,0.00174,0.01155
1691674643.750699520111084,0.00396,0.00020,0.00012,0.00471,0.00014,0.00188,0.01102
1691674643.784046411514282,0.00374,0.00020,0.00020,0.00430,0.00011,0.00173,0.01030
1691674643.817393064498901,0.00308,0.00020,0.00061,0.00420,0.00104,0.00218,0.01131
1691674643.850739955902100,0.00451,0.00026,0.00055,0.00424,0.00317,0.00210,0.01483
1691674643.884085416793823,0.00355,0.00020,0.00009,0.00435,0.00122,0.00176,0.01117
1691674643.917432069778442,0.00294,0.00022,0.00061,0.00417,0.00016,0.00236,0.01047
1691674643.950776576995850,0.00731,0.00031,0.00036,0.00608,0.00000,0.00262,0.01669
1691674643.984121561050415,0.00319,0.00025,0.00067,0.00386,0.00116,0.00195,0.01108
1691674644.017467260360718,0.00523,0.00021,0.00002,0.00389,0.00168,0.00195,0.01300
1691674644.050814390182495,0.00765,0.00037,0.00026,0.00646,0.00235,0.00311,0.02020
1691674644.084156751632690,0.00406,0.00030,0.00030,0.00356,0.00418,0.00184,0.01424
1691674644.117497682571411,0.00378,0.00020,0.00067,0.00367,0.00143,0.00170,0.01145
1691674644.150834560394287,0.00380,0.00018,0.00021,0.00365,0.00013,0.00202,0.00999
1691674644.184177875518799,0.00384,0.00020,0.00022,0.00299,0.00026,0.00174,0.00924
1691674644.217525005340576,0.00359,0.00018,0.00014,0.00324,0.00008,0.00215,0.00938
1691674644.250869035720825,0.00807,0.00018,0.00007,0.00310,0.00194,0.00199,0.01536
1691674644.284213781356812,0.00338,0.00021,0.00014,0.00309,0.00064,0.00177,0.00923
1691674644.317561149597168,0.00357,0.00021,0.00028,0.00381,0.00021,0.00206,0.01016
1691674644.350906848907471,0.00335,0.00019,0.00015,0.00275,0.00005,0.00195,0.00845
1691674644.384253501892090,0.00383,0.00019,0.00031,0.00270,0.00100,0.00183,0.00985
1691674644.417597293853760,0.00352,0.00019,0.00025,0.00285,0.00356,0.00186,0.01224
1691674644.450942993164062,0.00314,0.00018,0.00019,0.00287,0.00343,0.00182,0.01164
1691674644.484289407730103,0.00345,0.00025,0.00015,0.00315,0.00023,0.00209,0.00932
1691674644.517636060714722,0.00336,0.00019,0.00022,0.00298,0.00139,0.00186,0.01000
1691674644.550981044769287,0.00322,0.00019,0.00062,0.00333,0.00237,0.00194,0.01167
1691674644.584327936172485,0.00336,0.00029,0.00031,0.00330,0.00085,0.00182,0.00994
1691674644.617673397064209,0.00313,0.00019,0.00019,0.00332,0.00459,0.00237,0.01380
1691674644.651021480560303,0.00656,0.00020,0.00012,0.00388,0.00067,0.00199,0.01341
1691674644.684367895126343,0.00316,0.00020,0.00014,0.00366,0.00085,0.00181,0.00982
1691674644.717714786529541,0.00292,0.00020,0.00015,0.00384,0.00024,0.00214,0.00949
1691674644.751060247421265,0.00352,0.00026,0.00003,0.00366,0.00023,0.00203,0.00973
1691674644.784406900405884,0.00313,0.00020,0.00014,0.00331,0.00017,0.00189,0.00884
1691674644.817753553390503,0.00405,0.00024,0.00033,0.00363,0.00040,0.00213,0.01078
1691674644.851102113723755,0.00359,0.00024,0.00011,0.00324,0.00301,0.00178,0.01198
1691674644.884447336196899,0.00359,0.00021,0.00025,0.00361,0.00010,0.00203,0.00979
1691674644.917791604995728,0.01157,0.00058,0.00038,0.00788,0.00056,0.00295,0.02393
1691674644.951134443283081,0.00468,0.00020,0.00015,0.00350,0.00044,0.00186,0.01084
1691674644.984483242034912,0.00285,0.00025,0.00002,0.00340,0.00012,0.00176,0.00839
1691674645.017830848693848,0.00298,0.00019,0.00012,0.00321,0.00164,0.00226,0.01041
1691674645.051179409027100,0.00621,0.00024,0.00026,0.00344,0.00107,0.00202,0.01324
1691674645.084525108337402,0.00322,0.00020,0.00011,0.00337,0.00035,0.00186,0.00910
1691674645.117873668670654,0.00298,0.00020,0.00008,0.00344,0.00040,0.00195,0.00904
1691674645.151220560073853,0.00387,0.00022,0.00014,0.00326,0.00009,0.00193,0.00951
1691674645.184566736221313,0.00342,0.00026,0.00011,0.00335,0.00027,0.00186,0.00928
1691674645.217911005020142,0.00333,0.00019,0.00015,0.00316,0.00098,0.00226,0.01007
1691674645.251258134841919,0.00639,0.00021,0.00004,0.00309,0.00257,0.00193,0.01423
1691674645.284605503082275,0.00382,0.00020,0.00014,0.00331,0.00009,0.00199,0.00956
1691674645.317954063415527,0.00289,0.00021,0.00011,0.00345,0.00005,0.00177,0.00848
1691674645.351298570632935,0.00925,0.00063,0.00006,0.00862,0.00109,0.00478,0.02444
1691674645.384638309478760,0.00332,0.00018,0.00020,0.00319,0.00040,0.00169,0.00898
1691674645.417979001998901,0.00302,0.00019,0.00013,0.00328,0.00014,0.00168,0.00845
1691674645.451323747634888,0.00365,0.00020,0.00015,0.00305,0.00088,0.00187,0.00980
1691674645.484665393829346,0.00477,0.00020,0.00019,0.00298,0.00028,0.00182,0.01025
1691674645.518012046813965,0.00437,0.00019,0.00011,0.00297,0.00040,0.00220,0.01023
1691674645.551359176635742,0.00419,0.00024,0.00016,0.00301,0.00012,0.00178,0.00950
1691674645.584705352783203,0.00292,0.00018,0.00006,0.00276,0.00009,0.00180,0.00782
1691674645.618050813674927,0.00319,0.00022,0.00009,0.00301,0.00036,0.00203,0.00891
1691674645.651398420333862,0.00310,0.00020,0.00007,0.00294,0.00029,0.00187,0.00847
1691674645.684746265411377,0.00727,0.00019,0.00004,0.00299,0.00016,0.00176,0.01241
1691674645.718095064163208,0.00290,0.00019,0.00006,0.00268,0.00006,0.00205,0.00794
1691674645.751441240310669,0.00376,0.00025,0.00012,0.00385,0.00207,0.00189,0.01194
1691674645.784789323806763,0.00306,0.00018,0.00010,0.00274,0.00051,0.00172,0.00830
1691674645.818135976791382,0.00367,0.00019,0.00002,0.00280,0.00230,0.00214,0.01112
1691674645.851484298706055,0.00379,0.00031,0.00011,0.00303,0.00035,0.00253,0.01012
1691674645.884832382202148,0.00304,0.00019,0.00004,0.00313,0.00031,0.00182,0.00852
1691674645.918181657791138,0.00344,0.00020,0.00004,0.00318,0.00044,0.00227,0.00957
1691674645.951529741287231,0.00289,0.00021,0.00004,0.00323,0.00009,0.00220,0.00866
1691674645.984878778457642,0.00367,0.00023,0.00015,0.00398,0.00011,0.00237,0.01050
1691674646.018226385116577,0.00454,0.00021,0.00010,0.00326,0.00031,0.00203,0.01044
1691674646.051574468612671,0.00975,0.00055,0.00027,0.01047,0.00080,0.00659,0.02844
1691674646.084922313690186,0.00453,0.00019,0.00002,0.00305,0.00016,0.00186,0.00981
1691674646.118271589279175,0.00317,0.00020,0.00003,0.00283,0.00014,0.00193,0.00830
1691674646.151619434356689,0.00320,0.00018,0.00008,0.00286,0.00076,0.00200,0.00908
1691674646.184968233108521,0.00275,0.00019,0.00002,0.00296,0.00034,0.00172,0.00800
1691674646.218316316604614,0.00630,0.00023,0.00011,0.00351,0.00033,0.00203,0.01251
1691674646.251664638519287,0.00287,0.00018,0.00004,0.00306,0.00025,0.00198,0.00839
1691674646.285012722015381,0.00276,0.00019,0.00004,0.00298,0.00031,0.00184,0.00813
1691674646.318362236022949,0.00271,0.00022,0.00004,0.00311,0.00046,0.00198,0.00852
1691674646.351709842681885,0.00277,0.00019,0.00004,0.00300,0.00008,0.00192,0.00800
1691674646.385058641433716,0.00313,0.00019,0.00004,0.00286,0.00031,0.00187,0.00840
1691674646.418406486511230,0.00326,0.00020,0.00004,0.00314,0.00101,0.00189,0.00954
1691674646.451755523681641,0.00300,0.00019,0.00004,0.00310,0.00022,0.00173,0.00828
1691674646.485103845596313,0.00302,0.00019,0.00004,0.00308,0.00016,0.00190,0.00838
1691674646.518452644348145,0.00475,0.00019,0.00004,0.00314,0.00012,0.00182,0.01006
1691674646.551800966262817,0.00324,0.00021,0.00004,0.00311,0.00064,0.00203,0.00928
1691674646.585149765014648,0.00309,0.00019,0.00007,0.00310,0.00039,0.00182,0.00865
1691674646.618497848510742,0.00278,0.00019,0.00004,0.00308,0.00026,0.00197,0.00832
1691674646.651846885681152,0.00298,0.00018,0.00004,0.00310,0.00028,0.00189,0.00848
1691674646.685193777084351,0.00320,0.00020,0.00008,0.00309,0.00027,0.00177,0.00861
1691674646.718542575836182,0.00304,0.00021,0.00005,0.00318,0.00045,0.00233,0.00927
1691674646.751890659332275,0.00668,0.00021,0.00005,0.00434,0.00010,0.00269,0.01406
1691674646.785238742828369,0.00408,0.00020,0.00002,0.00311,0.00026,0.00215,0.00982
1691674646.818587064743042,0.00362,0.00022,0.00005,0.00338,0.00062,0.00194,0.00983
1691674646.851936817169189,0.00656,0.00034,0.00014,0.00324,0.00023,0.00191,0.01241
1691674646.885283470153809,0.00329,0.00019,0.00004,0.00322,0.00014,0.00211,0.00898
1691674646.918632507324219,0.00468,0.00018,0.00008,0.00300,0.00019,0.00179,0.00991
1691674646.951978921890259,0.00354,0.00020,0.00008,0.00317,0.00065,0.00199,0.00964
1691674646.985327720642090,0.00300,0.00024,0.00013,0.00298,0.00037,0.00195,0.00868
1691674647.018675565719604,0.00281,0.00019,0.00006,0.00298,0.00025,0.00191,0.00820
1691674647.052024364471436,0.00274,0.00019,0.00007,0.00290,0.00027,0.00213,0.00830
1691674647.085371971130371,0.00313,0.00018,0.00002,0.00292,0.00034,0.00185,0.00844
1691674647.118721008300781,0.00258,0.00018,0.00002,0.00291,0.00043,0.00191,0.00804
1691674647.152068614959717,0.00296,0.00018,0.00002,0.00294,0.00009,0.00204,0.00824
1691674647.185417413711548,0.00860,0.00056,0.00006,0.01008,0.00183,0.00534,0.02647
1691674647.218765497207642,0.00501,0.00020,0.00002,0.00308,0.00102,0.00343,0.01277
1691674647.252114295959473,0.00331,0.00018,0.00004,0.00295,0.00024,0.00191,0.00863
1691674647.285462141036987,0.00667,0.00032,0.00006,0.00456,0.00024,0.00251,0.01436
1691674647.318810939788818,0.00291,0.00021,0.00004,0.00298,0.00134,0.00235,0.00983
1691674647.352159023284912,0.00311,0.00019,0.00004,0.00313,0.00068,0.00178,0.00893
1691674647.385507822036743,0.00307,0.00018,0.00004,0.00321,0.00044,0.00188,0.00882
1691674647.418855667114258,0.00283,0.00019,0.00004,0.00316,0.00024,0.00213,0.00859
1691674647.452204704284668,0.00371,0.00019,0.00004,0.00335,0.00031,0.00210,0.00970
1691674647.485552787780762,0.00308,0.00017,0.00004,0.00328,0.00034,0.00192,0.00882
1691674647.518901348114014,0.00486,0.00027,0.00006,0.00346,0.00043,0.00216,0.01124
1691674647.552249193191528,0.00348,0.00036,0.00007,0.00389,0.00009,0.00199,0.00988
1691674647.585598230361938,0.00317,0.00019,0.00004,0.00327,0.00055,0.00198,0.00921
1691674647.618946075439453,0.01088,0.00064,0.00017,0.01191,0.00161,0.00406,0.02928
1691674647.652294874191284,0.00352,0.00019,0.00004,0.00321,0.00025,0.00206,0.00927
1691674647.685642480850220,0.00326,0.00022,0.00005,0.00331,0.00015,0.00210,0.00910
1691674647.718991518020630,0.00299,0.00030,0.00006,0.00354,0.00040,0.00193,0.00922
1691674647.752339363098145,0.00363,0.00019,0.00004,0.00332,0.00074,0.00203,0.00994
1691674647.785687923431396,0.00314,0.00017,0.00003,0.00313,0.00054,0.00183,0.00885
1691674647.819036006927490,0.00260,0.00017,0.00004,0.00308,0.00023,0.00180,0.00791
1691674647.852384805679321,0.00292,0.00017,0.00004,0.00306,0.00025,0.00211,0.00855
1691674647.885732650756836,0.01010,0.00039,0.00008,0.00811,0.00107,0.00506,0.02482
1691674647.919081449508667,0.00364,0.00023,0.00006,0.00376,0.00042,0.00257,0.01069
1691674647.952429771423340,0.00352,0.00017,0.00004,0.00308,0.00009,0.00186,0.00875
1691674647.985778570175171,0.00324,0.00020,0.00004,0.00315,0.00056,0.00196,0.00915
1691674648.019126653671265,0.00377,0.00026,0.00005,0.00317,0.00058,0.00194,0.00977
1691674648.052475690841675,0.00328,0.00019,0.00004,0.00309,0.00022,0.00183,0.00866
