# timestamp (sec),tracking,propagation,msckf update,slam update,slam delayed,re-tri & marg,total
1691674611.643091440200806,0.00412,0.00015,0.00046,0.00000,0.00000,0.00150,0.00623
1691674611.668435096740723,0.00375,0.00016,0.00550,0.00000,0.00140,0.00218,0.01300
1691674611.701693534851074,0.00325,0.00012,0.00051,0.00007,0.00000,0.00278,0.00672
1691674611.735014915466309,0.00371,0.00015,0.00002,0.00007,0.00000,0.00171,0.00566
1691674611.768348217010498,0.00341,0.00021,0.00022,0.00008,0.00000,0.00190,0.00582
1691674611.801856517791748,0.00282,0.00015,0.00017,0.00007,0.00000,0.00169,0.00491
1691674611.835367202758789,0.00355,0.00017,0.00005,0.00008,0.00000,0.00183,0.00569
1691674611.868941545486450,0.00337,0.00016,0.00006,0.00008,0.00000,0.00205,0.00573
1691674611.902431249618530,0.00257,0.00017,0.00002,0.00009,0.00000,0.00183,0.00468
1691674611.937077045440674,0.00353,0.00033,0.00002,0.00009,0.00055,0.00242,0.00694
1691674611.970441579818726,0.00317,0.00015,0.00005,0.00011,0.00000,0.00181,0.00530
1691674612.003906250000000,0.00374,0.00017,0.00063,0.00014,0.00000,0.00208,0.00676
1691674612.035215616226196,0.00325,0.00016,0.00003,0.00012,0.00158,0.00216,0.00731
1691674612.067640066146851,0.00354,0.00026,0.00504,0.00016,0.02574,0.00217,0.03691
1691674612.101189851760864,0.00310,0.00017,0.00006,0.00246,0.00216,0.00299,0.01095
1691674612.134656190872192,0.00308,0.00019,0.00005,0.00294,0.00000,0.00170,0.00796
1691674612.168030977249146,0.00344,0.00028,0.00036,0.00304,0.00202,0.00178,0.01092
1691674612.201356649398804,0.00315,0.00022,0.00008,0.00323,0.00036,0.00173,0.00877
1691674612.234735727310181,0.00316,0.00017,0.00027,0.00490,0.00006,0.00196,0.01052
1691674612.268061637878418,0.00317,0.00019,0.00014,0.00325,0.00000,0.00197,0.00873
1691674612.301295518875122,0.00418,0.00038,0.00006,0.00381,0.00674,0.00180,0.01696
1691674612.334601163864136,0.00282,0.00021,0.00023,0.00435,0.00086,0.00179,0.01026
1691674612.367709636688232,0.00299,0.00020,0.00003,0.00389,0.00153,0.00190,0.01054
1691674612.400833368301392,0.00460,0.00038,0.00017,0.00361,0.00159,0.00220,0.01255
1691674612.434194803237915,0.00558,0.00020,0.00027,0.00372,0.00171,0.00199,0.01346
1691674612.467357635498047,0.00297,0.00021,0.00901,0.00387,0.01956,0.00167,0.03729
1691674612.500684261322021,0.00340,0.00020,0.00019,0.00560,0.00200,0.00159,0.01298
1691674612.534001111984253,0.00328,0.00024,0.00023,0.00606,0.00008,0.00269,0.01259
1691674612.567351818084717,0.00335,0.00029,0.00016,0.00644,0.00001,0.00169,0.01194
1691674612.600558996200562,0.00328,0.00021,0.00015,0.00577,0.00064,0.00190,0.01196
1691674612.633854866027832,0.00381,0.00022,0.00010,0.00639,0.00000,0.00174,0.01226
1691674612.667236089706421,0.00299,0.00022,0.00056,0.00549,0.00125,0.00196,0.01248
1691674612.700615406036377,0.00318,0.00021,0.00012,0.00735,0.00009,0.00201,0.01296
1691674612.733935117721558,0.00339,0.00026,0.00050,0.00542,0.00001,0.00191,0.01150
1691674612.767307043075562,0.00322,0.00022,0.00040,0.00531,0.00000,0.00216,0.01131
1691674612.800621747970581,0.00357,0.00025,0.00009,0.00541,0.00179,0.00206,0.01317
1691674612.833910226821899,0.00333,0.00022,0.00078,0.00504,0.00023,0.00199,0.01160
1691674612.867218732833862,0.00336,0.00023,0.00555,0.00491,0.01208,0.00230,0.02843
1691674612.900598049163818,0.00295,0.00021,0.00006,0.00651,0.00000,0.00184,0.01157
1691674612.933927297592163,0.00327,0.00027,0.00155,0.00700,0.00641,0.00185,0.02037
1691674612.967246532440186,0.00278,0.00024,0.00110,0.00713,0.00349,0.00208,0.01681
1691674613.000546932220459,0.00431,0.00021,0.00015,0.00753,0.00346,0.00250,0.01816
1691674613.033900976181030,0.00321,0.00023,0.00002,0.00924,0.00022,0.00185,0.01477
1691674613.067233324050903,0.01157,0.00071,0.00674,0.01386,0.00327,0.00222,0.03837
1691674613.100616931915283,0.00378,0.00022,0.00029,0.00804,0.00007,0.00189,0.01429
1691674613.134005069732666,0.00353,0.00030,0.00002,0.00842,0.00287,0.00183,0.01698
1691674613.167390584945679,0.00293,0.00022,0.00467,0.00902,0.00123,0.00214,0.02023
1691674613.200751304626465,0.00367,0.00039,0.00003,0.00952,0.00000,0.00214,0.01575
1691674613.234202384948730,0.00344,0.00030,0.00221,0.00944,0.00000,0.00223,0.01763
1691674613.267589330673218,0.00464,0.00028,0.00792,0.00970,0.00000,0.00197,0.02452
1691674613.300915479660034,0.00449,0.00022,0.00219,0.00878,0.00000,0.00184,0.01753
1691674613.334288597106934,0.00329,0.00025,0.00160,0.00841,0.00000,0.00226,0.01582
1691674613.367627382278442,0.00388,0.00026,0.00014,0.00849,0.00019,0.00217,0.01513
1691674613.400921344757080,0.00492,0.00025,0.00188,0.00881,0.00384,0.00186,0.02156
1691674613.434281826019287,0.00333,0.00028,0.00644,0.00828,0.00184,0.00186,0.02204
1691674613.467565536499023,0.00297,0.00022,0.00668,0.00874,0.00003,0.00180,0.02044
1691674613.500861644744873,0.00411,0.00022,0.00264,0.00846,0.00100,0.00176,0.01821
1691674613.534232854843140,0.00394,0.00029,0.00062,0.00799,0.00003,0.00194,0.01482
1691674613.567563533782959,0.01069,0.00069,0.01442,0.01537,0.00245,0.00277,0.04638
1691674613.600901603698730,0.00350,0.00030,0.00030,0.00861,0.00009,0.00251,0.01531
1691674613.634260177612305,0.00341,0.00023,0.00022,0.00651,0.00000,0.00174,0.01211
1691674613.667559862136841,0.00332,0.00022,0.00346,0.00655,0.00844,0.00202,0.02401
1691674613.700881481170654,0.00316,0.00025,0.00275,0.00819,0.00057,0.00184,0.01676
1691674613.734260559082031,0.00276,0.00023,0.00110,0.00716,0.00048,0.00213,0.01387
1691674613.767620563507080,0.00337,0.00021,0.00145,0.00654,0.00188,0.00182,0.01527
1691674613.800993919372559,0.00329,0.00024,0.00026,0.00673,0.00228,0.00218,0.01498
1691674613.834376811981201,0.00332,0.00023,0.00017,0.00635,0.00530,0.00164,0.01702
1691674613.867707490921021,0.00378,0.00020,0.00168,0.00685,0.00918,0.00169,0.02338
1691674613.901050806045532,0.00294,0.00027,0.00014,0.00940,0.00000,0.00184,0.01459
1691674613.934388160705566,0.00395,0.00039,0.00067,0.00885,0.00017,0.00178,0.01581
1691674613.967738866806030,0.00289,0.00024,0.00017,0.00774,0.00385,0.00187,0.01676
1691674614.001089334487915,0.00311,0.00035,0.00003,0.00872,0.00195,0.00169,0.01585
1691674614.034453392028809,0.00359,0.00032,0.00021,0.00821,0.00387,0.00214,0.01835
1691674614.067822217941284,0.00353,0.00033,0.00022,0.00877,0.00170,0.00221,0.01677
1691674614.101188421249390,0.00381,0.00038,0.00021,0.01156,0.00182,0.00180,0.01957
1691674614.134521961212158,0.00303,0.00026,0.00073,0.00924,0.00397,0.00207,0.01931
1691674614.167950391769409,0.00383,0.00024,0.00477,0.01108,0.00009,0.00179,0.02179
1691674614.201332092285156,0.00402,0.00040,0.00032,0.01524,0.00335,0.00207,0.02541
1691674614.234650850296021,0.00302,0.00023,0.00543,0.00895,0.00190,0.00193,0.02146
1691674614.268002748489380,0.00301,0.00023,0.00206,0.00870,0.00062,0.00193,0.01656
1691674614.301364183425903,0.00331,0.00021,0.00002,0.01058,0.00198,0.00191,0.01802
1691674614.334678411483765,0.00331,0.00029,0.00155,0.00871,0.00201,0.00200,0.01786
1691674614.368062257766724,0.00416,0.00023,0.00007,0.00983,0.00009,0.00182,0.01621
1691674614.401393890380859,0.00866,0.00026,0.00409,0.00882,0.00233,0.00212,0.02628
1691674614.434756278991699,0.00354,0.00022,0.00018,0.00920,0.00193,0.00194,0.01702
1691674614.468118906021118,0.00348,0.00030,0.00370,0.00933,0.00191,0.00174,0.02046
1691674614.501462459564209,0.00395,0.00027,0.00019,0.00953,0.00001,0.00187,0.01582
1691674614.534781455993652,0.00331,0.00031,0.00552,0.01146,0.00225,0.00231,0.02517
1691674614.568135976791382,0.00325,0.00024,0.00042,0.00976,0.00000,0.00223,0.01590
1691674614.601482629776001,0.00367,0.00024,0.00061,0.00959,0.00031,0.00230,0.01671
1691674614.634832620620728,0.00646,0.00026,0.00384,0.00954,0.00000,0.00198,0.02209
1691674614.668181180953979,0.00343,0.00024,0.00082,0.00865,0.00000,0.00214,0.01528
1691674614.701546430587769,0.01231,0.00080,0.00213,0.02276,0.00009,0.00272,0.04082
1691674614.734915256500244,0.00417,0.00026,0.00028,0.00798,0.00105,0.00212,0.01586
1691674614.768272399902344,0.00318,0.00021,0.00082,0.00771,0.00009,0.00180,0.01381
1691674614.801621437072754,0.00400,0.00035,0.00056,0.00712,0.00040,0.00179,0.01423
1691674614.834975719451904,0.00348,0.00025,0.00007,0.00700,0.00000,0.00218,0.01299
1691674614.868329763412476,0.00330,0.00025,0.00180,0.00592,0.00859,0.00178,0.02165
1691674614.901690721511841,0.00332,0.00022,0.00076,0.00808,0.00018,0.00173,0.01430
1691674614.935061454772949,0.00330,0.00025,0.00021,0.00734,0.00366,0.00199,0.01674
1691674614.968416690826416,0.00315,0.00024,0.00080,0.00835,0.00102,0.00180,0.01537
1691674615.001758813858032,0.00372,0.00023,0.00038,0.00738,0.00013,0.00203,0.01388
1691674615.035115718841553,0.00421,0.00021,0.00011,0.00822,0.00397,0.00194,0.01867
1691674615.068476200103760,0.00437,0.00033,0.00120,0.00753,0.00015,0.00192,0.01550
1691674615.101824045181274,0.00482,0.00028,0.00078,0.00882,0.00403,0.00167,0.02040
1691674615.135163545608521,0.00327,0.00038,0.00009,0.00829,0.00007,0.00212,0.01423
1691674615.168529987335205,0.00352,0.00025,0.00031,0.00816,0.00039,0.00189,0.01452
1691674615.201871871948242,0.00329,0.00033,0.00105,0.00794,0.00366,0.00190,0.01818
1691674615.235220670700073,0.00955,0.00061,0.00111,0.01495,0.00000,0.00234,0.02856
1691674615.268535137176514,0.00364,0.00023,0.00030,0.00846,0.00183,0.00205,0.01651
1691674615.301819801330566,0.00339,0.00030,0.00022,0.01068,0.00101,0.00174,0.01735
1691674615.335161209106445,0.00392,0.00029,0.00086,0.00918,0.00012,0.00194,0.01631
1691674615.368508577346802,0.00292,0.00021,0.00006,0.00842,0.00462,0.00191,0.01814
1691674615.401842117309570,0.00464,0.00027,0.00011,0.00992,0.00030,0.00191,0.01716
1691674615.435189962387085,0.00305,0.00021,0.00003,0.00920,0.00192,0.00198,0.01639
1691674615.468534231185913,0.00306,0.00027,0.00136,0.00985,0.00009,0.00184,0.01648
1691674615.501887559890747,0.00319,0.00025,0.00030,0.00879,0.00008,0.00196,0.01456
1691674615.535239219665527,0.00291,0.00024,0.00011,0.00823,0.00007,0.00194,0.01350
1691674615.568588733673096,0.00354,0.00035,0.00004,0.00843,0.00194,0.00175,0.01605
1691674615.601946115493774,0.00530,0.00022,0.00021,0.00875,0.00101,0.00173,0.01723
1691674615.635285377502441,0.00314,0.00025,0.00070,0.00885,0.00195,0.00164,0.01652
1691674615.668629407882690,0.00410,0.00022,0.00022,0.00905,0.00006,0.00191,0.01556
1691674615.701982021331787,0.00403,0.00025,0.00184,0.00810,0.00177,0.00165,0.01764
1691674615.735322713851929,0.00325,0.00039,0.00111,0.00743,0.00006,0.00167,0.01393
1691674615.768664121627808,0.00280,0.00023,0.00008,0.00769,0.00095,0.00172,0.01346
1691674615.802011728286743,0.00313,0.00039,0.00034,0.00842,0.00143,0.00190,0.01561
1691674615.835371494293213,0.00273,0.00021,0.00002,0.00817,0.00460,0.00177,0.01749
1691674615.868724584579468,0.00321,0.00025,0.00018,0.00867,0.00016,0.00260,0.01507
1691674615.902075052261353,0.00322,0.00022,0.00002,0.00913,0.00047,0.00190,0.01496
1691674615.935418128967285,0.00312,0.00021,0.00009,0.00870,0.00006,0.00191,0.01410
1691674615.968778371810913,0.00281,0.00024,0.00016,0.00787,0.00006,0.00182,0.01296
1691674616.002124071121216,0.00319,0.00026,0.00024,0.00781,0.00033,0.00196,0.01379
1691674616.035449743270874,0.00316,0.00022,0.00123,0.00721,0.00033,0.00184,0.01399
1691674616.068793296813965,0.00314,0.00021,0.00002,0.00741,0.00367,0.00182,0.01628
1691674616.102102756500244,0.00360,0.00028,0.00017,0.00715,0.00440,0.00170,0.01730
1691674616.135451555252075,0.00399,0.00022,0.00019,0.00681,0.00530,0.00223,0.01873
1691674616.168808937072754,0.00305,0.00031,0.00038,0.00702,0.00395,0.00216,0.01689
1691674616.202147960662842,0.00787,0.00026,0.00100,0.00756,0.00112,0.00173,0.01953
1691674616.235488891601562,0.00317,0.00022,0.00002,0.00760,0.00151,0.00178,0.01430
1691674616.268800735473633,0.00428,0.00023,0.00006,0.00769,0.00371,0.00177,0.01775
1691674616.302094221115112,0.00321,0.00025,0.00351,0.00845,0.00188,0.00194,0.01924
1691674616.335418224334717,0.00295,0.00022,0.00025,0.00808,0.00000,0.00196,0.01347
1691674616.368764162063599,0.00285,0.00022,0.00016,0.00807,0.00371,0.00180,0.01681
1691674616.402134418487549,0.00300,0.00029,0.00022,0.00892,0.00008,0.00183,0.01434
1691674616.435489177703857,0.00314,0.00021,0.00060,0.00688,0.00182,0.00172,0.01438
1691674616.468840360641479,0.00719,0.00022,0.00042,0.00698,0.00395,0.00230,0.02105
1691674616.502185344696045,0.00734,0.00029,0.00013,0.00919,0.00336,0.00240,0.02271
1691674616.535509586334229,0.00334,0.00025,0.00021,0.00774,0.00566,0.00249,0.01969
1691674616.568860530853271,0.00368,0.00029,0.00095,0.00815,0.00000,0.00189,0.01497
1691674616.602211952209473,0.01091,0.00070,0.00467,0.01132,0.00341,0.00188,0.03289
1691674616.635570287704468,0.00352,0.00024,0.00079,0.00674,0.00362,0.00177,0.01669
1691674616.668925046920776,0.00357,0.00024,0.00097,0.00743,0.00000,0.00179,0.01399
1691674616.702273368835449,0.00381,0.00025,0.00013,0.00731,0.00223,0.00199,0.01573
1691674616.735623598098755,0.00319,0.00023,0.00079,0.00726,0.00006,0.00176,0.01329
1691674616.768981456756592,0.00291,0.00024,0.00021,0.00705,0.00020,0.00164,0.01225
1691674616.802330970764160,0.00270,0.00024,0.00009,0.00726,0.00512,0.00156,0.01697
1691674616.835680484771729,0.00281,0.00023,0.00038,0.00776,0.00209,0.00166,0.01493
1691674616.869032621383667,0.00293,0.00022,0.00013,0.00802,0.00008,0.00182,0.01320
1691674616.902389287948608,0.00426,0.00041,0.00027,0.00884,0.00031,0.00171,0.01580
1691674616.935742139816284,0.00320,0.00023,0.00023,0.00727,0.00124,0.00172,0.01390
1691674616.969094753265381,0.00302,0.00024,0.00041,0.00703,0.00203,0.00190,0.01462
1691674617.002434253692627,0.00680,0.00043,0.00039,0.00763,0.00232,0.00186,0.01942
1691674617.035776376724243,0.00319,0.00023,0.00002,0.00723,0.00208,0.00194,0.01469
1691674617.069120407104492,0.00330,0.00023,0.00148,0.00750,0.00346,0.00171,0.01768
1691674617.102469444274902,0.00323,0.00022,0.00030,0.00580,0.00299,0.00199,0.01453
1691674617.135813474655151,0.00321,0.00024,0.00026,0.00641,0.00369,0.00178,0.01559
1691674617.169161796569824,0.00284,0.00024,0.00034,0.00607,0.00006,0.00176,0.01132
1691674617.202512025833130,0.00507,0.00033,0.00012,0.00740,0.00353,0.00170,0.01815
1691674617.235880613327026,0.00357,0.00022,0.00020,0.00606,0.00112,0.00186,0.01304
1691674617.269238471984863,0.00378,0.00022,0.00009,0.00621,0.00426,0.00180,0.01636
1691674617.302591323852539,0.00942,0.00083,0.00062,0.01635,0.00259,0.00238,0.03220
1691674617.335942983627319,0.00364,0.00028,0.00009,0.00716,0.00357,0.00164,0.01637
1691674617.369289398193359,0.00294,0.00023,0.00010,0.00726,0.00000,0.00173,0.01226
1691674617.402662992477417,0.00290,0.00028,0.00122,0.00647,0.00437,0.00170,0.01695
1691674617.436028480529785,0.00327,0.00025,0.00019,0.00686,0.00006,0.00193,0.01256
1691674617.469374418258667,0.00301,0.00021,0.00093,0.00728,0.00006,0.00208,0.01357
1691674617.502739667892456,0.00287,0.00020,0.00007,0.00625,0.00208,0.00196,0.01343
1691674617.536086559295654,0.00308,0.00021,0.00026,0.00685,0.00387,0.00168,0.01595
1691674617.569431066513062,0.00376,0.00024,0.00027,0.00734,0.00000,0.00172,0.01334
1691674617.602788448333740,0.00279,0.00024,0.00007,0.00688,0.00100,0.00162,0.01259
1691674617.636149644851685,0.00287,0.00023,0.00002,0.00713,0.00201,0.00168,0.01395
1691674617.669502258300781,0.00304,0.00022,0.00015,0.00696,0.00060,0.00198,0.01297
1691674617.702850818634033,0.00341,0.00024,0.00013,0.00744,0.00000,0.00176,0.01298
1691674617.736198186874390,0.00293,0.00021,0.00002,0.00726,0.00000,0.00171,0.01214
1691674617.769549846649170,0.01194,0.00050,0.00056,0.01210,0.00006,0.00259,0.02775
1691674617.802894830703735,0.00321,0.00020,0.00010,0.00699,0.00198,0.00178,0.01426
1691674617.836246728897095,0.00291,0.00023,0.00082,0.00574,0.00168,0.00170,0.01308
1691674617.869598388671875,0.00795,0.00045,0.00004,0.01134,0.00000,0.00243,0.02221
1691674617.902962446212769,0.00323,0.00021,0.00010,0.00560,0.00006,0.00178,0.01098
1691674617.936301231384277,0.00854,0.00052,0.00030,0.01032,0.00969,0.00215,0.03153
1691674617.969645500183105,0.00281,0.00020,0.00008,0.00662,0.00026,0.00203,0.01200
1691674618.003006458282471,0.00474,0.00022,0.00015,0.00683,0.00091,0.00172,0.01458
1691674618.036353588104248,0.00262,0.00022,0.00003,0.00679,0.00167,0.00169,0.01303
1691674618.069719791412354,0.00280,0.00027,0.00011,0.00725,0.00714,0.00181,0.01937
1691674618.103093624114990,0.00408,0.00024,0.00014,0.00757,0.00028,0.00162,0.01393
1691674618.136441469192505,0.00289,0.00022,0.00010,0.00803,0.00662,0.00183,0.01969
1691674618.169810295104980,0.00385,0.00023,0.00097,0.00822,0.00135,0.00199,0.01661
1691674618.203164815902710,0.00267,0.00023,0.00155,0.00766,0.00217,0.00164,0.01593
1691674618.236515283584595,0.00307,0.00025,0.00111,0.00709,0.00001,0.00195,0.01347
1691674618.269862174987793,0.00325,0.00026,0.00074,0.00631,0.00058,0.00195,0.01310
1691674618.303210496902466,0.00310,0.00021,0.00014,0.00654,0.00005,0.00172,0.01176
1691674618.336545944213867,0.00268,0.00022,0.00015,0.00543,0.00204,0.00183,0.01236
1691674618.369898319244385,0.00267,0.00023,0.00015,0.00563,0.00183,0.00172,0.01223
1691674618.403245210647583,0.00312,0.00027,0.00034,0.00571,0.00071,0.00180,0.01195
1691674618.436597824096680,0.00277,0.00022,0.00019,0.00620,0.00034,0.00179,0.01151
1691674618.469950675964355,0.00272,0.00021,0.00002,0.00596,0.00185,0.00203,0.01279
1691674618.503301143646240,0.00344,0.00024,0.00019,0.00583,0.00027,0.00169,0.01167
1691674618.536665439605713,0.00337,0.00023,0.00060,0.00558,0.00276,0.00170,0.01424
1691674618.570023298263550,0.00357,0.00021,0.00003,0.00575,0.00000,0.00170,0.01127
1691674618.603386163711548,0.00420,0.00023,0.00062,0.00535,0.00627,0.00165,0.01832
1691674618.636739730834961,0.00298,0.00021,0.00021,0.00580,0.00115,0.00157,0.01192
1691674618.670089483261108,0.00294,0.00021,0.00014,0.00597,0.00171,0.00207,0.01305
1691674618.703441381454468,0.00326,0.00022,0.00061,0.00531,0.00110,0.00157,0.01207
1691674618.736791849136353,0.00319,0.00022,0.00008,0.00676,0.00268,0.00239,0.01533
1691674618.770144939422607,0.00353,0.00021,0.00023,0.00578,0.00031,0.00194,0.01201
1691674618.803508758544922,0.00315,0.00021,0.00093,0.00620,0.00210,0.00196,0.01453
1691674618.836881160736084,0.00315,0.00020,0.00097,0.00601,0.00033,0.00159,0.01225
1691674618.870247125625610,0.00434,0.00024,0.00014,0.00743,0.00163,0.00195,0.01574
1691674618.903610467910767,0.00340,0.00022,0.00068,0.00594,0.00000,0.00174,0.01199
1691674618.936991691589355,0.00350,0.00024,0.00015,0.00568,0.00138,0.00177,0.01272
1691674618.970354080200195,0.00315,0.00022,0.00025,0.00590,0.00557,0.00178,0.01686
1691674619.003702163696289,0.00653,0.00022,0.00002,0.00737,0.00227,0.00199,0.01841
1691674619.037052154541016,0.00309,0.00026,0.00002,0.00758,0.00029,0.00197,0.01321
1691674619.070394277572632,0.00308,0.00020,0.00002,0.00766,0.00380,0.00195,0.01672
1691674619.103753089904785,0.00350,0.00023,0.00010,0.00744,0.00004,0.00200,0.01330
1691674619.137128114700317,0.00302,0.00026,0.00010,0.00728,0.00028,0.00200,0.01295
1691674619.170481920242310,0.00352,0.00022,0.00039,0.00619,0.00281,0.00268,0.01581
1691674619.203850746154785,0.00434,0.00023,0.00037,0.00617,0.00001,0.00187,0.01299
1691674619.237229585647583,0.00319,0.00022,0.00023,0.00582,0.00009,0.00188,0.01143
1691674619.270601272583008,0.00327,0.00020,0.00018,0.00554,0.00006,0.00190,0.01116
1691674619.303974151611328,0.00451,0.00023,0.00009,0.00512,0.00645,0.00180,0.01819
1691674619.337353229522705,0.00928,0.00067,0.00058,0.02547,0.00661,0.00212,0.04473
1691674619.370726823806763,0.00285,0.00021,0.00025,0.00571,0.00028,0.00184,0.01114
1691674619.404093980789185,0.00300,0.00021,0.00002,0.00499,0.00182,0.00176,0.01180
1691674619.437479019165039,0.00330,0.00025,0.00026,0.00455,0.00360,0.00200,0.01397
1691674619.470892667770386,0.00354,0.00022,0.00065,0.00420,0.00090,0.00201,0.01152
1691674619.504278182983398,0.00347,0.00019,0.00003,0.00443,0.00151,0.00184,0.01147
1691674619.537643909454346,0.00334,0.00020,0.00172,0.00453,0.00800,0.00189,0.01968
1691674619.570997953414917,0.00319,0.00018,0.00048,0.00535,0.00032,0.00171,0.01124
1691674619.604357242584229,0.00410,0.00040,0.00010,0.00606,0.00006,0.00184,0.01256
1691674619.637716531753540,0.00310,0.00021,0.00007,0.00832,0.00013,0.00177,0.01359
1691674619.671086311340332,0.00376,0.00029,0.00003,0.00907,0.00351,0.00264,0.01930
1691674619.704441070556641,0.00502,0.00021,0.00002,0.00590,0.00094,0.00182,0.01392
1691674619.737799167633057,0.00328,0.00021,0.00073,0.00568,0.00146,0.00173,0.01310
1691674619.771160602569580,0.00310,0.00022,0.00010,0.00572,0.00000,0.00184,0.01098
1691674619.804527759552002,0.00305,0.00021,0.00019,0.00501,0.00108,0.00187,0.01142
1691674619.837894916534424,0.00327,0.00021,0.00014,0.00528,0.00260,0.00196,0.01345
1691674619.871256113052368,0.00285,0.00028,0.00030,0.00496,0.00032,0.00188,0.01059
1691674619.904655218124390,0.00323,0.00019,0.00007,0.00466,0.00155,0.00190,0.01159
1691674619.938014984130859,0.00349,0.00022,0.00013,0.00476,0.00585,0.00171,0.01616
1691674619.971383333206177,0.00359,0.00023,0.00011,0.00570,0.00118,0.00190,0.01271
1691674620.004792928695679,0.01120,0.00065,0.00206,0.01044,0.00937,0.00202,0.03574
1691674620.038159132003784,0.00344,0.00021,0.00074,0.00637,0.00097,0.00170,0.01343
1691674620.071526765823364,0.00340,0.00023,0.00094,0.00626,0.00292,0.00195,0.01569
1691674620.104902267456055,0.00340,0.00032,0.00024,0.00736,0.00006,0.00164,0.01303
1691674620.138275861740112,0.00316,0.00023,0.00024,0.00607,0.00035,0.00164,0.01170
1691674620.171637773513794,0.00290,0.00021,0.00042,0.00530,0.00027,0.00171,0.01081
1691674620.204992055892944,0.00303,0.00022,0.00013,0.00538,0.00027,0.00182,0.01086
1691674620.238346338272095,0.00371,0.00021,0.00095,0.00480,0.00224,0.00195,0.01387
1691674620.271698236465454,0.00295,0.00025,0.00014,0.00490,0.00079,0.00199,0.01102
1691674620.305057525634766,0.01129,0.00108,0.00118,0.02433,0.00466,0.00339,0.04593
1691674620.338405609130859,0.00367,0.00028,0.00036,0.00517,0.00043,0.00175,0.01166
1691674620.371762514114380,0.00328,0.00019,0.00013,0.00489,0.00161,0.00191,0.01201
1691674620.405128717422485,0.00381,0.00021,0.00011,0.00533,0.00061,0.00178,0.01186
1691674620.438498735427856,0.00320,0.00021,0.00019,0.00483,0.00333,0.00166,0.01343
1691674620.471853017807007,0.00390,0.00025,0.00034,0.00462,0.00000,0.00187,0.01098
1691674620.505211114883423,0.01075,0.00060,0.00163,0.01470,0.00412,0.00270,0.03449
1691674620.538561582565308,0.00420,0.00035,0.00031,0.00657,0.00190,0.00174,0.01506
1691674620.571911811828613,0.00434,0.00022,0.00147,0.00458,0.00317,0.00184,0.01563
1691674620.605265617370605,0.00301,0.00021,0.00027,0.00504,0.00094,0.00226,0.01174
1691674620.638621330261230,0.00311,0.00022,0.00010,0.00548,0.00170,0.00270,0.01331
1691674620.671992778778076,0.00399,0.00020,0.00008,0.00505,0.00606,0.00193,0.01732
1691674620.705379009246826,0.00295,0.00021,0.00014,0.00571,0.00012,0.00222,0.01136
1691674620.738782644271851,0.00334,0.00021,0.00064,0.00567,0.00486,0.00194,0.01667
1691674620.772156000137329,0.00360,0.00022,0.00053,0.00706,0.00009,0.00238,0.01388
1691674620.805533647537231,0.01491,0.00063,0.00331,0.01232,0.00359,0.00231,0.03707
1691674620.838953971862793,0.00386,0.00028,0.00008,0.00696,0.00288,0.00203,0.01609
1691674620.872322797775269,0.00274,0.00022,0.00029,0.00714,0.00950,0.00202,0.02192
1691674620.905694246292114,0.00484,0.00029,0.00015,0.00814,0.00067,0.00206,0.01614
1691674620.939101934432983,0.00337,0.00025,0.00617,0.00743,0.00401,0.00177,0.02299
1691674620.972465276718140,0.01153,0.00070,0.00012,0.01767,0.00000,0.00302,0.03303
1691674621.005822181701660,0.00293,0.00023,0.00010,0.00753,0.00179,0.00186,0.01445
1691674621.039180755615234,0.00395,0.00027,0.00004,0.00762,0.00377,0.00210,0.01774
1691674621.072537422180176,0.00331,0.00023,0.00015,0.00834,0.00294,0.00179,0.01676
1691674621.105902671813965,0.00396,0.00023,0.00112,0.00862,0.00013,0.00202,0.01608
1691674621.139259576797485,0.00324,0.00025,0.00012,0.00876,0.00361,0.00182,0.01780
1691674621.172610998153687,0.00318,0.00026,0.00145,0.00942,0.00008,0.00177,0.01616
1691674621.205963850021362,0.00312,0.00027,0.00047,0.00881,0.00187,0.00164,0.01617
1691674621.239313364028931,0.00329,0.00026,0.00241,0.00866,0.00009,0.00173,0.01644
1691674621.272675514221191,0.00282,0.00024,0.00012,0.00848,0.00001,0.00174,0.01341
1691674621.306029319763184,0.00323,0.00023,0.00003,0.00840,0.00006,0.00170,0.01366
1691674621.339383840560913,0.00323,0.00025,0.00020,0.00792,0.00450,0.00203,0.01813
1691674621.372732162475586,0.00293,0.00025,0.00017,0.00843,0.00211,0.00194,0.01584
1691674621.406098127365112,0.00724,0.00023,0.00083,0.00764,0.00000,0.00187,0.01782
1691674621.439457654953003,0.00331,0.00024,0.00084,0.00567,0.00376,0.00192,0.01575
1691674621.472807645797729,0.00963,0.00047,0.00037,0.01067,0.00360,0.00229,0.02703
1691674621.506162405014038,0.00270,0.00021,0.00009,0.00666,0.00041,0.00180,0.01188
1691674621.539512157440186,0.00277,0.00021,0.00013,0.00613,0.00000,0.00180,0.01105
1691674621.572878360748291,0.00287,0.00021,0.00002,0.00618,0.00090,0.00172,0.01190
1691674621.606240034103394,0.01064,0.00051,0.00131,0.01053,0.00295,0.00254,0.02849
1691674621.639600276947021,0.00310,0.00024,0.00002,0.00676,0.00008,0.00168,0.01189
1691674621.672967195510864,0.00283,0.00022,0.00013,0.00621,0.00712,0.00180,0.01831
1691674621.706317901611328,0.00827,0.00024,0.00010,0.00762,0.00122,0.00179,0.01924
1691674621.739667177200317,0.00282,0.00024,0.00015,0.00759,0.00012,0.00164,0.01256
1691674621.773025274276733,0.00351,0.00024,0.00107,0.00762,0.00800,0.00183,0.02229
1691674621.806383848190308,0.00322,0.00037,0.00078,0.00812,0.00000,0.00170,0.01419
1691674621.839757442474365,0.00259,0.00023,0.00073,0.00759,0.00196,0.00191,0.01501
1691674621.873117446899414,0.00323,0.00026,0.00015,0.00818,0.00031,0.00167,0.01379
1691674621.906480312347412,0.00294,0.00020,0.00151,0.00751,0.00010,0.00186,0.01413
1691674621.939830064773560,0.00279,0.00024,0.00015,0.00752,0.00034,0.00157,0.01263
1691674621.973184585571289,0.00261,0.00021,0.00036,0.00600,0.00003,0.00162,0.01084
1691674622.006546974182129,0.00400,0.00023,0.00008,0.00538,0.00087,0.00158,0.01215
1691674622.039905071258545,0.00280,0.00021,0.00021,0.00503,0.00006,0.00162,0.00993
1691674622.073258876800537,0.00286,0.00021,0.00016,0.00452,0.00084,0.00177,0.01036
1691674622.106652021408081,0.00294,0.00021,0.00012,0.00432,0.00023,0.00160,0.00943
1691674622.140087366104126,0.00652,0.00025,0.00031,0.00578,0.00200,0.00189,0.01675
1691674622.173454284667969,0.00313,0.00021,0.00024,0.00395,0.00348,0.00167,0.01268
1691674622.206871747970581,0.00371,0.00021,0.00009,0.00435,0.00000,0.00169,0.01005
1691674622.240337133407593,0.00302,0.00021,0.00012,0.00394,0.00022,0.00158,0.00910
1691674622.273738145828247,0.00334,0.00023,0.00008,0.00417,0.00489,0.00178,0.01450
1691674622.307098388671875,0.00609,0.00021,0.00021,0.00562,0.00010,0.00187,0.01410
1691674622.340464115142822,0.00282,0.00019,0.00038,0.00420,0.00001,0.00175,0.00936
1691674622.373852729797363,0.00302,0.00021,0.00042,0.00364,0.00384,0.00168,0.01282
1691674622.407221317291260,0.01159,0.00044,0.00328,0.00723,0.00153,0.00237,0.02644
1691674622.440582513809204,0.00310,0.00023,0.00072,0.00421,0.00090,0.00169,0.01085
1691674622.473933219909668,0.00294,0.00024,0.00003,0.00420,0.00000,0.00205,0.00946
1691674622.507295846939087,0.00899,0.00043,0.00044,0.00643,0.00222,0.00259,0.02110
1691674622.540663242340088,0.00323,0.00020,0.00007,0.00340,0.00302,0.00166,0.01159
1691674622.574023485183716,0.00299,0.00023,0.00094,0.00358,0.00068,0.00157,0.00999
1691674622.607376575469971,0.00314,0.00020,0.00011,0.00360,0.00005,0.00151,0.00861
1691674622.640737771987915,0.00312,0.00019,0.00030,0.00330,0.00095,0.00197,0.00983
1691674622.674096107482910,0.00272,0.00020,0.00008,0.00354,0.00377,0.00164,0.01196
1691674622.707451581954956,0.00260,0.00018,0.00024,0.00307,0.00079,0.00163,0.00851
1691674622.740817070007324,0.00699,0.00021,0.00017,0.00295,0.00460,0.00161,0.01655
1691674622.774177789688110,0.00316,0.00021,0.00035,0.00306,0.00096,0.00166,0.00941
1691674622.807554960250854,0.01245,0.00061,0.00053,0.00833,0.00013,0.00335,0.02540
1691674622.840934276580811,0.00570,0.00019,0.00206,0.00260,0.00163,0.00188,0.01406
1691674622.874298572540283,0.00303,0.00019,0.00106,0.00259,0.00001,0.00189,0.00878
1691674622.907689332962036,0.01086,0.00088,0.00043,0.01197,0.00618,0.00309,0.03340
1691674622.941079139709473,0.00362,0.00023,0.00020,0.00352,0.00084,0.00179,0.01019
1691674622.974449396133423,0.00295,0.00020,0.00045,0.00287,0.00218,0.00158,0.01022
1691674623.007833719253540,0.00409,0.00018,0.00016,0.00323,0.00258,0.00179,0.01204
1691674623.041197776794434,0.00309,0.00019,0.00007,0.00371,0.00183,0.00211,0.01100
1691674623.074545145034790,0.00337,0.00022,0.00004,0.00353,0.00006,0.00182,0.00904
1691674623.107911825180054,0.00297,0.00019,0.00007,0.00352,0.00235,0.00190,0.01098
1691674623.141267776489258,0.00279,0.00022,0.00055,0.00385,0.00129,0.00172,0.01042
1691674623.174608945846558,0.00264,0.00021,0.00002,0.00417,0.00006,0.00186,0.00896
1691674623.207962751388550,0.00292,0.00024,0.00002,0.00430,0.00189,0.00177,0.01114
1691674623.241311788558960,0.00306,0.00023,0.00002,0.00401,0.00088,0.00161,0.00983
1691674623.274668216705322,0.00603,0.00021,0.00084,0.00411,0.00229,0.00196,0.01544
1691674623.308028221130371,0.00308,0.00031,0.00016,0.00431,0.00306,0.00161,0.01253
1691674623.341379404067993,0.00460,0.00023,0.00010,0.00465,0.00006,0.00182,0.01145
1691674623.374733924865723,0.00292,0.00020,0.00138,0.00406,0.00041,0.00175,0.01073
1691674623.408087968826294,0.00323,0.00028,0.00029,0.00380,0.00364,0.00166,0.01289
1691674623.441440343856812,0.00952,0.00064,0.00200,0.01519,0.00075,0.00415,0.03226
1691674623.474809408187866,0.00398,0.00024,0.00057,0.00414,0.00005,0.00185,0.01084
1691674623.508169174194336,0.00400,0.00021,0.00025,0.00356,0.00005,0.00178,0.00986
1691674623.541523933410645,0.00309,0.00022,0.00036,0.00371,0.00268,0.00174,0.01178
1691674623.574896574020386,0.00323,0.00018,0.00039,0.00399,0.00084,0.00176,0.01040
1691674623.608279705047607,0.00369,0.00023,0.00056,0.00430,0.00006,0.00193,0.01077
1691674623.641631603240967,0.00661,0.00026,0.00039,0.00441,0.00010,0.00192,0.01369
1691674623.674982070922852,0.00338,0.00023,0.00046,0.00461,0.00016,0.00196,0.01080
1691674623.708341836929321,0.00372,0.00038,0.00014,0.00471,0.00021,0.00190,0.01107
1691674623.741702079772949,0.00440,0.00019,0.00046,0.00332,0.00075,0.00193,0.01107
1691674623.775081634521484,0.00326,0.00019,0.00044,0.00360,0.00820,0.00226,0.01795
1691674623.808436632156372,0.00400,0.00023,0.00034,0.00451,0.00345,0.00172,0.01425
1691674623.841801643371582,0.00353,0.00022,0.00002,0.00489,0.00365,0.00202,0.01433
1691674623.875156164169312,0.00878,0.00049,0.00005,0.00974,0.00399,0.00241,0.02545
1691674623.908504724502563,0.00313,0.00023,0.00028,0.00452,0.00027,0.00172,0.01015
1691674623.941855907440186,0.00347,0.00023,0.00014,0.00470,0.00278,0.00189,0.01322
1691674623.975208759307861,0.00342,0.00020,0.00086,0.00462,0.00516,0.00180,0.01607
1691674624.008560657501221,0.00346,0.00023,0.00019,0.00492,0.00122,0.00167,0.01170
1691674624.041909933090210,0.00327,0.00030,0.00101,0.00466,0.00323,0.00215,0.01461
1691674624.075258731842041,0.00314,0.00021,0.00011,0.00498,0.00016,0.00193,0.01053
1691674624.108612775802612,0.00409,0.00025,0.00024,0.00430,0.00037,0.00181,0.01106
1691674624.141963005065918,0.00314,0.00020,0.00014,0.00407,0.00030,0.00189,0.00973
1691674624.175315141677856,0.00676,0.00024,0.00044,0.00392,0.00043,0.00189,0.01368
1691674624.208672285079956,0.00345,0.00020,0.00008,0.00335,0.00036,0.00185,0.00928
1691674624.242034196853638,0.00285,0.00017,0.00060,0.00302,0.00218,0.00211,0.01094
1691674624.275389909744263,0.00345,0.00022,0.00029,0.00317,0.00111,0.00227,0.01051
1691674624.308751821517944,0.00339,0.00020,0.00014,0.00325,0.00451,0.00196,0.01345
1691674624.342113733291626,0.00316,0.00021,0.00195,0.00302,0.00630,0.00184,0.01648
1691674624.375486135482788,0.00366,0.00022,0.00127,0.00326,0.00235,0.00172,0.01249
1691674624.408856868743896,0.00359,0.00024,0.00025,0.00331,0.00000,0.00189,0.00928
1691674624.442229270935059,0.00380,0.00019,0.00031,0.00328,0.00015,0.00187,0.00961
1691674624.475591659545898,0.00443,0.00020,0.00050,0.00303,0.00168,0.00191,0.01176
1691674624.508947610855103,0.00331,0.00021,0.00002,0.00335,0.00101,0.00179,0.00970
1691674624.542299509048462,0.00266,0.00020,0.00027,0.00333,0.00102,0.00160,0.00907
1691674624.575648546218872,0.00337,0.00023,0.00002,0.00374,0.00019,0.00169,0.00923
1691674624.609004259109497,0.00409,0.00021,0.00038,0.00313,0.00243,0.00166,0.01192
1691674624.642347574234009,0.00295,0.00020,0.00006,0.00333,0.00304,0.00190,0.01148
1691674624.675695180892944,0.00342,0.00019,0.00021,0.00369,0.00022,0.00194,0.00967
1691674624.709046363830566,0.00324,0.00018,0.00130,0.00338,0.00083,0.00190,0.01082
1691674624.742397308349609,0.00297,0.00021,0.00003,0.00368,0.00008,0.00180,0.00878
1691674624.775752782821655,0.00325,0.00019,0.00027,0.00371,0.00287,0.00182,0.01210
1691674624.809105873107910,0.00791,0.00025,0.00070,0.00385,0.00106,0.00189,0.01566
1691674624.842460870742798,0.00346,0.00022,0.00004,0.00381,0.00027,0.00189,0.00969
1691674624.875813245773315,0.00342,0.00019,0.00014,0.00317,0.00196,0.00212,0.01099
1691674624.909162521362305,0.01430,0.00062,0.00168,0.01010,0.00236,0.00360,0.03265
1691674624.942510128021240,0.00580,0.00031,0.00014,0.00373,0.00393,0.00202,0.01593
1691674624.975859403610229,0.00376,0.00022,0.00075,0.00426,0.00843,0.00191,0.01933
1691674625.009208917617798,0.00500,0.00025,0.00124,0.00513,0.00030,0.00211,0.01402
1691674625.042569398880005,0.00352,0.00022,0.00046,0.00491,0.00000,0.00213,0.01124
1691674625.075921297073364,0.00404,0.00028,0.00084,0.00387,0.00020,0.00238,0.01161
1691674625.109269857406616,0.00448,0.00021,0.00047,0.00369,0.00012,0.00189,0.01086
1691674625.142632961273193,0.00362,0.00024,0.00111,0.00376,0.00566,0.00211,0.01649
1691674625.175992727279663,0.00362,0.00022,0.00067,0.00447,0.00188,0.00205,0.01291
1691674625.209344148635864,0.00346,0.00023,0.00008,0.00500,0.00009,0.00186,0.01072
1691674625.242693662643433,0.00375,0.00021,0.00098,0.00383,0.00025,0.00183,0.01085
1691674625.276044368743896,0.00371,0.00019,0.00021,0.00379,0.00038,0.00200,0.01027
1691674625.309393644332886,0.00389,0.00019,0.00085,0.00402,0.00029,0.00203,0.01127
1691674625.342742681503296,0.00331,0.00019,0.00009,0.00378,0.00510,0.00231,0.01479
1691674625.376089811325073,0.00357,0.00018,0.00011,0.00413,0.00325,0.00214,0.01340
1691674625.409438371658325,0.00378,0.00019,0.00057,0.00426,0.00000,0.00186,0.01066
1691674625.442791461944580,0.00349,0.00019,0.00063,0.00432,0.00000,0.00206,0.01067
1691674625.476143598556519,0.00338,0.00019,0.00008,0.00373,0.00016,0.00201,0.00954
1691674625.509495019912720,0.00322,0.00019,0.00042,0.00344,0.00060,0.00193,0.00981
1691674625.542842864990234,0.00312,0.00020,0.00015,0.00332,0.00166,0.00197,0.01042
1691674625.576189279556274,0.00334,0.00019,0.00210,0.00324,0.00326,0.00182,0.01396
1691674625.609537124633789,0.00392,0.00033,0.00030,0.00328,0.00171,0.00203,0.01158
1691674625.642885208129883,0.00423,0.00020,0.00030,0.00260,0.00111,0.00190,0.01034
1691674625.676237821578979,0.01120,0.00059,0.00044,0.00866,0.01267,0.00230,0.03585
1691674625.709588050842285,0.00320,0.00018,0.00015,0.00377,0.00305,0.00194,0.01230
1691674625.742938280105591,0.00331,0.00021,0.00012,0.00379,0.00197,0.00247,0.01187
1691674625.776294946670532,0.00333,0.00022,0.00045,0.00414,0.00181,0.00181,0.01176
1691674625.809656620025635,0.00358,0.00019,0.00040,0.00383,0.00233,0.00190,0.01223
1691674625.843016624450684,0.00467,0.00022,0.00099,0.00370,0.00151,0.00200,0.01309
1691674625.876369714736938,0.00345,0.00019,0.00043,0.00424,0.00286,0.00184,0.01301
1691674625.909726619720459,0.00343,0.00022,0.00097,0.00415,0.00011,0.00187,0.01075
1691674625.943093299865723,0.00341,0.00019,0.00092,0.00392,0.00325,0.00256,0.01426
1691674625.976450681686401,0.00358,0.00021,0.00050,0.00431,0.00046,0.00210,0.01115
1691674626.009803056716919,0.00683,0.00025,0.00101,0.00417,0.00039,0.00196,0.01462
1691674626.043160200119019,0.00353,0.00022,0.00021,0.00395,0.00408,0.00220,0.01419
1691674626.076513767242432,0.00349,0.00021,0.00085,0.00396,0.00161,0.00206,0.01218
1691674626.109863281250000,0.01140,0.00047,0.00123,0.00778,0.00256,0.00272,0.02617
1691674626.143213748931885,0.00468,0.00024,0.00068,0.00394,0.00076,0.00215,0.01245
1691674626.176570415496826,0.00349,0.00020,0.00028,0.00404,0.00435,0.00196,0.01432
1691674626.209925889968872,0.00352,0.00018,0.00105,0.00447,0.00335,0.00189,0.01446
1691674626.243278026580811,0.00450,0.00020,0.00003,0.00449,0.00167,0.00194,0.01284
1691674626.276628017425537,0.00304,0.00023,0.00172,0.00447,0.00011,0.00174,0.01131
1691674626.309978008270264,0.00577,0.00018,0.00002,0.00458,0.00121,0.00186,0.01363
1691674626.343328714370728,0.00332,0.00020,0.00081,0.00438,0.00021,0.00202,0.01094
1691674626.376682996749878,0.00350,0.00022,0.00013,0.00426,0.00066,0.00179,0.01056
1691674626.410029411315918,0.00364,0.00023,0.00079,0.00441,0.00009,0.00188,0.01105
1691674626.443392276763916,0.00359,0.00020,0.00002,0.00428,0.00195,0.00187,0.01190
1691674626.476742744445801,0.00492,0.00020,0.00063,0.00425,0.00081,0.00190,0.01270
1691674626.510098695755005,0.00455,0.00019,0.00089,0.00372,0.00176,0.00177,0.01289
1691674626.543464422225952,0.00324,0.00018,0.00028,0.00407,0.00302,0.00214,0.01294
1691674626.576813936233521,0.00320,0.00024,0.00023,0.00434,0.00379,0.00201,0.01380
1691674626.610158205032349,0.01274,0.00062,0.00094,0.01007,0.00387,0.00271,0.03095
1691674626.643510818481445,0.00374,0.00028,0.00104,0.00485,0.00001,0.00195,0.01188
1691674626.676857948303223,0.00431,0.00022,0.00002,0.00472,0.00170,0.00194,0.01292
1691674626.710206270217896,0.00397,0.00019,0.00012,0.00486,0.00131,0.00205,0.01251
1691674626.743557929992676,0.00303,0.00025,0.00098,0.00515,0.00027,0.00189,0.01158
1691674626.776896715164185,0.00321,0.00020,0.00048,0.00487,0.00654,0.00198,0.01729
1691674626.810242414474487,0.00314,0.00026,0.00012,0.00613,0.00300,0.00181,0.01445
1691674626.843592643737793,0.00486,0.00025,0.00016,0.00596,0.00304,0.00204,0.01631
1691674626.876938819885254,0.00396,0.00023,0.00020,0.00656,0.00007,0.00209,0.01309
1691674626.910286188125610,0.00351,0.00021,0.00064,0.00620,0.00023,0.00227,0.01307
1691674626.943633079528809,0.00361,0.00024,0.00027,0.00598,0.00098,0.00219,0.01327
1691674626.976980209350586,0.01119,0.00047,0.00027,0.01177,0.00098,0.00279,0.02747
1691674627.010329484939575,0.00306,0.00024,0.00019,0.00571,0.00026,0.00164,0.01110
1691674627.043678522109985,0.00337,0.00021,0.00014,0.00615,0.00263,0.00187,0.01438
1691674627.077025413513184,0.00349,0.00020,0.00021,0.00603,0.00008,0.00188,0.01189
1691674627.110375642776489,0.00317,0.00022,0.00026,0.00598,0.00046,0.00192,0.01201
1691674627.143723249435425,0.00335,0.00023,0.00009,0.00537,0.00524,0.00199,0.01627
1691674627.177071809768677,0.00317,0.00023,0.00012,0.00587,0.00022,0.00210,0.01172
1691674627.210418224334717,0.00313,0.00022,0.00033,0.00572,0.00203,0.00197,0.01339
1691674627.243761777877808,0.00330,0.00023,0.00015,0.00567,0.00279,0.00215,0.01429
1691674627.277105569839478,0.00392,0.00023,0.00066,0.00629,0.00008,0.00185,0.01304
1691674627.310453653335571,0.00643,0.00021,0.00015,0.00603,0.00045,0.00188,0.01516
1691674627.343799114227295,0.00437,0.00022,0.00004,0.00616,0.00118,0.00251,0.01448
1691674627.377145767211914,0.00342,0.00022,0.00081,0.00620,0.00018,0.00191,0.01274
1691674627.410492420196533,0.00792,0.00040,0.00022,0.00946,0.00000,0.00228,0.02029
1691674627.443839311599731,0.00357,0.00026,0.00011,0.00569,0.00200,0.00190,0.01354
1691674627.477185487747192,0.00329,0.00022,0.00020,0.00540,0.00179,0.00171,0.01261
1691674627.510533809661865,0.00312,0.00021,0.00002,0.00593,0.00041,0.00215,0.01183
1691674627.543881893157959,0.00641,0.00025,0.00009,0.00589,0.00059,0.00213,0.01534
1691674627.577231884002686,0.00338,0.00023,0.00045,0.00545,0.00175,0.00176,0.01302
1691674627.610579490661621,0.00362,0.00024,0.00007,0.00558,0.00528,0.00183,0.01663
1691674627.643927097320557,0.00363,0.00031,0.00011,0.00640,0.00015,0.00183,0.01243
1691674627.677273511886597,0.00608,0.00021,0.00094,0.00617,0.00184,0.00197,0.01720
1691674627.710622072219849,0.00337,0.00022,0.00042,0.00580,0.00362,0.00180,0.01523
1691674627.743968009948730,0.00300,0.00021,0.00027,0.00556,0.00008,0.00162,0.01074
1691674627.777316093444824,0.00911,0.00055,0.00026,0.01027,0.00026,0.00265,0.02309
1691674627.810662746429443,0.00320,0.00020,0.00002,0.00525,0.00000,0.00205,0.01073
1691674627.844010353088379,0.00319,0.00021,0.00007,0.00526,0.00207,0.00168,0.01248
1691674627.877354860305786,0.00326,0.00021,0.00007,0.00642,0.00013,0.00229,0.01239
1691674627.910700798034668,0.00581,0.00020,0.00019,0.00583,0.00038,0.00191,0.01432
1691674627.944045782089233,0.00332,0.00022,0.00040,0.00440,0.00130,0.00183,0.01147
1691674627.977393150329590,0.00405,0.00033,0.00003,0.00481,0.00307,0.00178,0.01407
1691674628.010728120803833,0.01115,0.00047,0.00037,0.00791,0.00574,0.00264,0.02827
1691674628.044070720672607,0.00320,0.00020,0.00016,0.00471,0.00032,0.00180,0.01039
1691674628.077416658401489,0.00334,0.00025,0.00099,0.00457,0.00000,0.00204,0.01120
1691674628.110763549804688,0.00334,0.00022,0.00009,0.00448,0.00069,0.00171,0.01054
1691674628.144110202789307,0.00306,0.00019,0.00011,0.00447,0.00292,0.00204,0.01280
1691674628.177457571029663,0.00318,0.00024,0.00010,0.00467,0.00198,0.00219,0.01237
1691674628.210804939270020,0.01013,0.00058,0.00134,0.00944,0.00000,0.00247,0.02396
1691674628.244152069091797,0.00375,0.00021,0.00002,0.00491,0.00276,0.00175,0.01340
1691674628.277498006820679,0.00321,0.00022,0.00017,0.00484,0.00030,0.00188,0.01062
1691674628.310842514038086,0.00279,0.00018,0.00050,0.00460,0.00035,0.00210,0.01053
1691674628.344183444976807,0.00286,0.00022,0.00004,0.00450,0.00303,0.00173,0.01239
1691674628.377527475357056,0.00319,0.00022,0.00022,0.00441,0.00006,0.00167,0.00976
1691674628.410872459411621,0.00311,0.00020,0.00008,0.00469,0.00183,0.00170,0.01162
1691674628.444219589233398,0.00285,0.00020,0.00013,0.00467,0.00312,0.00163,0.01261
1691674628.477565288543701,0.00351,0.00023,0.00008,0.00496,0.00156,0.00179,0.01214
1691674628.510911226272583,0.00262,0.00018,0.00007,0.00498,0.00424,0.00188,0.01397
1691674628.544257879257202,0.00304,0.00020,0.00031,0.00532,0.00000,0.00163,0.01051
1691674628.577602863311768,0.00281,0.00022,0.00002,0.00498,0.00338,0.00187,0.01328
1691674628.610946893692017,0.00275,0.00019,0.00042,0.00553,0.00167,0.00210,0.01267
1691674628.644291162490845,0.00511,0.00023,0.00008,0.00600,0.00139,0.00190,0.01471
1691674628.677636623382568,0.00362,0.00022,0.00045,0.00618,0.00039,0.00184,0.01270
1691674628.710984706878662,0.00311,0.00023,0.00002,0.00584,0.00088,0.00191,0.01200
1691674628.744329690933228,0.01227,0.00066,0.00027,0.01597,0.00158,0.00261,0.03337
1691674628.777671575546265,0.00335,0.00021,0.00082,0.00604,0.00165,0.00194,0.01400
1691674628.811015605926514,0.00302,0.00022,0.00031,0.00579,0.00007,0.00165,0.01106
1691674628.844362974166870,0.00296,0.00023,0.00087,0.00559,0.00325,0.00221,0.01511
1691674628.877709150314331,0.00301,0.00026,0.00003,0.00614,0.00000,0.00180,0.01126
1691674628.911056518554688,0.00295,0.00022,0.00016,0.00596,0.00037,0.00164,0.01129
1691674628.944402694702148,0.00314,0.00022,0.00002,0.00587,0.00160,0.00205,0.01290
1691674628.977750301361084,0.00280,0.00022,0.00002,0.00604,0.00265,0.00171,0.01344
1691674629.011096954345703,0.00671,0.00023,0.00003,0.00668,0.00032,0.00178,0.01576
1691674629.044442415237427,0.00339,0.00022,0.00005,0.00668,0.00284,0.00160,0.01479
1691674629.077789783477783,0.00324,0.00020,0.00040,0.00623,0.00096,0.00166,0.01269
1691674629.111137866973877,0.00314,0.00022,0.00106,0.00657,0.00336,0.00178,0.01613
1691674629.144484281539917,0.00334,0.00028,0.00035,0.00693,0.00380,0.00166,0.01636
1691674629.177833557128906,0.00311,0.00023,0.00054,0.00757,0.00006,0.00172,0.01323
1691674629.211181163787842,0.00304,0.00024,0.00002,0.00801,0.00008,0.00166,0.01304
1691674629.244527339935303,0.00421,0.00025,0.00010,0.00757,0.00177,0.00201,0.01590
1691674629.277874469757080,0.00362,0.00023,0.00002,0.00743,0.00000,0.00170,0.01300
1691674629.311221361160278,0.00385,0.00022,0.00002,0.00714,0.00180,0.00171,0.01474
1691674629.344567060470581,0.00282,0.00023,0.00028,0.00661,0.00055,0.00227,0.01276
1691674629.377911806106567,0.01298,0.00060,0.00028,0.01300,0.00056,0.00347,0.03089
1691674629.411257505416870,0.00291,0.00021,0.00041,0.00705,0.00372,0.00178,0.01608
1691674629.444603681564331,0.00316,0.00023,0.00111,0.00671,0.00259,0.00185,0.01566
1691674629.477946996688843,0.00379,0.00025,0.00229,0.00680,0.00052,0.00164,0.01529
1691674629.511289119720459,0.00323,0.00024,0.00021,0.00664,0.00177,0.00221,0.01429
1691674629.544638156890869,0.00380,0.00022,0.00105,0.00670,0.00014,0.00170,0.01363
1691674629.577984809875488,0.00378,0.00029,0.00010,0.00673,0.00090,0.00162,0.01341
1691674629.611331939697266,0.00442,0.00023,0.00245,0.00604,0.00000,0.00177,0.01491
1691674629.644679546356201,0.00338,0.00023,0.00076,0.00574,0.00177,0.00184,0.01374
1691674629.678026914596558,0.00647,0.00027,0.00222,0.00584,0.00000,0.00191,0.01671
1691674629.711374044418335,0.00296,0.00021,0.00173,0.00529,0.00090,0.00201,0.01310
1691674629.744719743728638,0.00328,0.00021,0.00042,0.00511,0.00000,0.00173,0.01074
1691674629.778066396713257,0.00640,0.00034,0.00173,0.00489,0.00086,0.00191,0.01613
1691674629.811411142349243,0.00622,0.00027,0.00015,0.00503,0.00157,0.00194,0.01518
1691674629.844758272171021,0.00383,0.00022,0.00018,0.00463,0.00186,0.00180,0.01252
1691674629.878107070922852,0.00866,0.00046,0.00068,0.01050,0.00402,0.00252,0.02685
1691674629.911455392837524,0.00292,0.00019,0.00002,0.00537,0.00006,0.00184,0.01040
1691674629.944799661636353,0.00645,0.00023,0.00122,0.00600,0.00846,0.00229,0.02466
1691674629.978145837783813,0.00358,0.00022,0.00027,0.00458,0.00493,0.00208,0.01565
1691674630.011486768722534,0.00326,0.00022,0.00093,0.00513,0.00000,0.00178,0.01132
1691674630.044822454452515,0.00667,0.00022,0.00038,0.00497,0.00199,0.00199,0.01621
1691674630.078161001205444,0.00317,0.00023,0.00050,0.00502,0.00341,0.00205,0.01438
1691674630.111508846282959,0.00340,0.00021,0.00115,0.00518,0.00668,0.00172,0.01835
1691674630.144852876663208,0.00684,0.00025,0.00056,0.00577,0.00164,0.00172,0.01679
1691674630.178194046020508,0.00331,0.00023,0.00155,0.00571,0.00176,0.00169,0.01424
1691674630.211528062820435,0.00311,0.00022,0.00122,0.00561,0.00009,0.00174,0.01199
1691674630.244872331619263,0.00266,0.00023,0.00013,0.00573,0.00036,0.00161,0.01071
1691674630.278218269348145,0.00472,0.00024,0.00019,0.00539,0.00236,0.00163,0.01453
1691674630.311564207077026,0.00308,0.00018,0.00007,0.00553,0.00006,0.00183,0.01075
1691674630.344909906387329,0.00309,0.00023,0.00030,0.00534,0.00000,0.00169,0.01066
1691674630.378251075744629,0.00323,0.00023,0.00002,0.00557,0.00156,0.00176,0.01238
1691674630.411593675613403,0.00921,0.00097,0.00007,0.01746,0.00000,0.00280,0.03051
1691674630.444940090179443,0.00315,0.00026,0.00002,0.00568,0.00329,0.00223,0.01463
1691674630.478285551071167,0.00428,0.00021,0.00002,0.00615,0.00221,0.00232,0.01519
1691674630.511631011962891,0.00287,0.00020,0.00008,0.00594,0.00430,0.00203,0.01541
1691674630.544973373413086,0.00265,0.00023,0.00002,0.00642,0.00000,0.00166,0.01098
1691674630.578320264816284,0.00284,0.00022,0.00005,0.00660,0.00017,0.00198,0.01186
1691674630.611665964126587,0.00882,0.00053,0.00004,0.01213,0.00014,0.00217,0.02384
1691674630.645009517669678,0.00313,0.00023,0.00015,0.00574,0.00713,0.00192,0.01830
1691674630.678354978561401,0.00289,0.00030,0.00026,0.00644,0.00348,0.00223,0.01560
1691674630.711703300476074,0.00371,0.00023,0.00014,0.00695,0.00008,0.00168,0.01278
1691674630.745046615600586,0.00325,0.00025,0.00009,0.00613,0.00368,0.00191,0.01532
1691674630.778391599655151,0.00305,0.00022,0.00017,0.00612,0.00000,0.00193,0.01150
1691674630.811731338500977,0.00333,0.00022,0.00017,0.00549,0.00198,0.00161,0.01280
1691674630.845061302185059,0.00295,0.00021,0.00006,0.00613,0.00064,0.00167,0.01166
1691674630.878405570983887,0.00973,0.00108,0.00112,0.01530,0.00427,0.00245,0.03395
1691674630.911753654479980,0.00350,0.00020,0.00047,0.00493,0.00158,0.00163,0.01231
1691674630.945089101791382,0.00284,0.00023,0.00009,0.00546,0.00006,0.00169,0.01036
1691674630.978434801101685,0.00320,0.00021,0.00009,0.00548,0.00104,0.00181,0.01184
1691674631.011778354644775,0.00280,0.00022,0.00006,0.00562,0.00009,0.00170,0.01050
1691674631.045117139816284,0.00901,0.00061,0.00230,0.01623,0.00069,0.00335,0.03218
1691674631.078457832336426,0.00314,0.00020,0.00063,0.00502,0.00005,0.00195,0.01100
1691674631.111805200576782,0.00303,0.00020,0.00020,0.00471,0.00313,0.00162,0.01290
1691674631.145152330398560,0.00279,0.00028,0.00066,0.00586,0.00216,0.00189,0.01365
1691674631.178498506546021,0.00262,0.00021,0.00002,0.00575,0.00161,0.00175,0.01196
1691674631.211845397949219,0.00305,0.00021,0.00009,0.00568,0.00000,0.00172,0.01075
1691674631.245192766189575,0.00284,0.00022,0.00012,0.00525,0.00064,0.00170,0.01077
1691674631.278539180755615,0.00343,0.00025,0.00097,0.00524,0.00668,0.00167,0.01825
1691674631.311884880065918,0.00275,0.00022,0.00038,0.00615,0.00009,0.00155,0.01115
1691674631.345229625701904,0.00678,0.00028,0.00002,0.00667,0.00171,0.00169,0.01715
1691674631.378575325012207,0.00271,0.00023,0.00013,0.00618,0.00348,0.00184,0.01456
1691674631.411921262741089,0.00306,0.00025,0.00002,0.00677,0.00102,0.00193,0.01305
1691674631.445260286331177,0.00279,0.00022,0.00002,0.00681,0.00026,0.00160,0.01171
1691674631.478597879409790,0.00272,0.00023,0.00095,0.00597,0.00006,0.00161,0.01155
1691674631.511946201324463,0.00339,0.00023,0.00020,0.00508,0.00033,0.00182,0.01104
1691674631.545293569564819,0.00293,0.00028,0.00036,0.00487,0.00046,0.00179,0.01069
1691674631.578635215759277,0.00294,0.00028,0.00117,0.00456,0.00023,0.00155,0.01073
1691674631.611966848373413,0.00319,0.00023,0.00002,0.00558,0.00007,0.00171,0.01079
1691674631.645302057266235,0.00300,0.00021,0.00020,0.00456,0.00100,0.00224,0.01120
1691674631.678637027740479,0.00358,0.00023,0.00002,0.00440,0.00000,0.00181,0.01004
1691674631.711966514587402,0.00336,0.00019,0.00015,0.00400,0.00198,0.00171,0.01140
1691674631.745308637619019,0.00297,0.00019,0.00015,0.00487,0.00034,0.00205,0.01055
1691674631.778655290603638,0.00328,0.00021,0.00002,0.00474,0.00017,0.00195,0.01039
1691674631.812000989913940,0.00723,0.00028,0.00016,0.00446,0.00006,0.00191,0.01411
1691674631.845345735549927,0.00317,0.00020,0.00008,0.00399,0.00010,0.00248,0.01002
1691674631.878690719604492,0.00270,0.00022,0.00018,0.00356,0.00007,0.00201,0.00875
1691674631.912040472030640,0.00581,0.00019,0.00021,0.00320,0.00010,0.00183,0.01135
1691674631.945383548736572,0.00293,0.00023,0.00007,0.00267,0.00301,0.00202,0.01093
1691674631.978732347488403,0.00315,0.00029,0.00069,0.00275,0.00607,0.00182,0.01477
1691674632.012073993682861,0.00292,0.00021,0.00107,0.00389,0.00807,0.00176,0.01792
1691674632.045426130294800,0.00274,0.00029,0.00125,0.00406,0.00211,0.00181,0.01226
1691674632.078773021697998,0.00350,0.00022,0.00007,0.00445,0.00656,0.00212,0.01693
1691674632.112121582031250,0.00336,0.00036,0.00026,0.00478,0.00055,0.00163,0.01094
1691674632.145462274551392,0.00328,0.00021,0.00103,0.00532,0.00169,0.00164,0.01318
1691674632.178812265396118,0.00331,0.00024,0.00261,0.00484,0.00013,0.00165,0.01278
1691674632.212146997451782,0.00298,0.00021,0.00007,0.00450,0.00006,0.00194,0.00976
1691674632.245483636856079,0.00287,0.00020,0.00015,0.00403,0.00092,0.00184,0.01001
1691674632.278825521469116,0.00278,0.00020,0.00055,0.00385,0.00232,0.00163,0.01133
1691674632.312155961990356,0.00374,0.00019,0.00013,0.00391,0.00047,0.00187,0.01031
1691674632.345460414886475,0.00296,0.00024,0.00054,0.00422,0.00000,0.00180,0.00976
1691674632.378796577453613,0.00305,0.00027,0.00016,0.00377,0.00187,0.00176,0.01089
1691674632.412143468856812,0.00343,0.00020,0.00007,0.00398,0.00178,0.00180,0.01127
1691674632.445484638214111,0.00688,0.00034,0.00015,0.00649,0.00245,0.00180,0.01812
1691674632.478827953338623,0.00311,0.00027,0.00014,0.00645,0.00669,0.00177,0.01844
1691674632.512174844741821,0.00739,0.00035,0.00005,0.00590,0.00539,0.00170,0.02079
1691674632.545522928237915,0.00338,0.00025,0.00002,0.00664,0.00000,0.00178,0.01206
1691674632.578872203826904,0.00467,0.00021,0.00019,0.00666,0.00009,0.00184,0.01367
1691674632.612218379974365,0.00304,0.00021,0.00002,0.00714,0.00217,0.00183,0.01440
1691674632.645568370819092,0.00682,0.00022,0.00002,0.00751,0.00348,0.00188,0.01994
1691674632.678913116455078,0.00284,0.00024,0.00092,0.00767,0.00364,0.00185,0.01717
1691674632.712262868881226,0.00291,0.00028,0.00002,0.00839,0.00006,0.00164,0.01332
1691674632.745609998703003,0.00313,0.00028,0.00059,0.00847,0.00000,0.00185,0.01434
1691674632.778957843780518,0.00720,0.00026,0.00002,0.00842,0.00567,0.00171,0.02328
1691674632.812303781509399,0.00338,0.00026,0.00002,0.00861,0.00000,0.00176,0.01402
1691674632.845649957656860,0.00300,0.00022,0.00573,0.00883,0.00032,0.00171,0.01981
1691674632.878999710083008,0.00289,0.00030,0.00043,0.00793,0.00061,0.00188,0.01404
1691674632.912349224090576,0.01228,0.00078,0.00514,0.01386,0.00008,0.00203,0.03416
1691674632.945695161819458,0.00361,0.00032,0.00045,0.00693,0.00121,0.00169,0.01421
1691674632.979044198989868,0.00320,0.00024,0.00032,0.00721,0.00106,0.00159,0.01361
1691674633.012389659881592,0.00360,0.00023,0.00015,0.00772,0.00136,0.00188,0.01494
1691674633.045729875564575,0.00476,0.00022,0.00017,0.00905,0.00001,0.00169,0.01591
1691674633.079072952270508,0.00298,0.00024,0.00012,0.00790,0.00000,0.00166,0.01290
1691674633.112422466278076,0.00377,0.00022,0.00002,0.00732,0.00097,0.00189,0.01418
1691674633.145770788192749,0.00296,0.00024,0.00002,0.00748,0.00000,0.00184,0.01255
1691674633.179117918014526,0.00349,0.00024,0.00131,0.00685,0.00180,0.00170,0.01538
1691674633.212465286254883,0.00293,0.00023,0.00014,0.00666,0.00000,0.00169,0.01165
1691674633.245813608169556,0.00572,0.00022,0.00018,0.00669,0.00080,0.00184,0.01545
1691674633.279160976409912,0.00318,0.00024,0.00018,0.00638,0.00035,0.00176,0.01209
1691674633.312510967254639,0.01051,0.00054,0.00008,0.01093,0.00055,0.00201,0.02462
1691674633.345858573913574,0.00357,0.00022,0.00017,0.00612,0.00178,0.00211,0.01397
1691674633.379209041595459,0.00332,0.00023,0.00004,0.00569,0.00179,0.00177,0.01283
1691674633.412559747695923,0.00346,0.00020,0.00014,0.00553,0.00031,0.00222,0.01186
1691674633.445912599563599,0.00297,0.00023,0.00029,0.00545,0.00234,0.00166,0.01294
1691674633.479261875152588,0.00482,0.00022,0.00153,0.00563,0.00025,0.00180,0.01425
1691674633.512612342834473,0.00406,0.00019,0.00033,0.00562,0.00028,0.00188,0.01236
1691674633.545960426330566,0.00320,0.00025,0.00015,0.00569,0.00001,0.00251,0.01182
1691674633.579311370849609,0.00347,0.00026,0.00011,0.00559,0.00189,0.00250,0.01383
1691674633.612656831741333,0.00395,0.00019,0.00003,0.00642,0.00000,0.00221,0.01281
1691674633.646003484725952,0.00300,0.00022,0.00009,0.00597,0.00259,0.00196,0.01384
1691674633.679348230361938,0.00830,0.00074,0.00056,0.00980,0.00275,0.00225,0.02439
1691674633.712694883346558,0.00304,0.00023,0.00090,0.00563,0.00952,0.00174,0.02107
1691674633.746040105819702,0.00715,0.00063,0.00091,0.00932,0.00508,0.00214,0.02524
1691674633.779390096664429,0.00325,0.00023,0.00015,0.00757,0.00007,0.00173,0.01300
1691674633.812738656997681,0.00297,0.00022,0.00027,0.00493,0.00046,0.00188,0.01074
1691674633.846087455749512,0.00636,0.00020,0.00018,0.00521,0.00052,0.00190,0.01438
1691674633.879431486129761,0.00302,0.00022,0.00007,0.00503,0.00001,0.00187,0.01022
1691674633.912777423858643,0.00451,0.00022,0.00014,0.00458,0.00183,0.00186,0.01315
1691674633.946120023727417,0.00269,0.00027,0.00032,0.00374,0.00314,0.00157,0.01172
1691674633.979465961456299,0.00297,0.00021,0.00041,0.00336,0.00045,0.00156,0.00897
1691674634.012816429138184,0.00268,0.00020,0.00021,0.00384,0.00022,0.00149,0.00865
1691674634.046170234680176,0.00656,0.00022,0.00017,0.00463,0.00239,0.00164,0.01561
1691674634.079518079757690,0.00358,0.00026,0.00019,0.00450,0.00040,0.00165,0.01058
1691674634.112866163253784,0.00267,0.00019,0.00012,0.00419,0.00142,0.00159,0.01019
1691674634.146211385726929,0.00281,0.00019,0.00016,0.00452,0.00018,0.00168,0.00954
1691674634.179553747177124,0.00311,0.00020,0.00043,0.00411,0.00080,0.00183,0.01048
1691674634.212894439697266,0.00648,0.00021,0.00044,0.00449,0.00000,0.00182,0.01344
1691674634.246239900588989,0.00331,0.00023,0.00007,0.00427,0.00025,0.00179,0.00992
1691674634.279587030410767,0.00301,0.00021,0.00008,0.00431,0.00025,0.00210,0.00996
1691674634.312935352325439,0.00310,0.00020,0.00012,0.00406,0.00098,0.00227,0.01072
1691674634.346278667449951,0.00296,0.00022,0.00007,0.00427,0.00148,0.00171,0.01072
1691674634.379622459411621,0.00349,0.00020,0.00012,0.00403,0.00152,0.00171,0.01107
1691674634.412969589233398,0.00317,0.00022,0.00037,0.00568,0.00706,0.00211,0.01860
1691674634.446315050125122,0.00324,0.00023,0.00012,0.00463,0.00415,0.00186,0.01423
1691674634.479662179946899,0.01125,0.00042,0.00157,0.01079,0.00215,0.00272,0.02891
1691674634.513012886047363,0.00363,0.00023,0.00058,0.00475,0.00199,0.00175,0.01295
1691674634.546360731124878,0.00304,0.00023,0.00016,0.00556,0.00627,0.00189,0.01713
1691674634.579706907272339,0.00469,0.00020,0.00015,0.00568,0.00093,0.00220,0.01385
1691674634.613051414489746,0.00302,0.00024,0.00010,0.00584,0.00095,0.00184,0.01199
1691674634.646397590637207,0.00356,0.00024,0.00038,0.00690,0.00009,0.00191,0.01309
1691674634.679743289947510,0.00374,0.00021,0.00002,0.00539,0.00037,0.00183,0.01156
1691674634.713089942932129,0.01335,0.00055,0.00091,0.00920,0.00002,0.00255,0.02658
1691674634.746436357498169,0.00513,0.00022,0.00020,0.00418,0.00202,0.00198,0.01372
1691674634.779783725738525,0.00333,0.00021,0.00073,0.00389,0.00038,0.00183,0.01037
1691674634.813130855560303,0.00705,0.00021,0.00024,0.00364,0.00361,0.00179,0.01654
1691674634.846480131149292,0.00308,0.00030,0.00090,0.00447,0.00106,0.00203,0.01185
1691674634.879826307296753,0.00464,0.00021,0.00069,0.00423,0.00022,0.00171,0.01171
1691674634.913173198699951,0.00657,0.00020,0.00010,0.00402,0.00066,0.00201,0.01357
1691674634.946521997451782,0.00302,0.00024,0.00010,0.00411,0.00162,0.00220,0.01128
1691674634.979869365692139,0.00341,0.00022,0.00049,0.00377,0.00180,0.00199,0.01169
1691674635.013219356536865,0.00294,0.00021,0.00002,0.00412,0.00337,0.00196,0.01262
1691674635.046570301055908,0.01043,0.00062,0.00208,0.00985,0.00633,0.00247,0.03177
1691674635.079921483993530,0.00344,0.00021,0.00134,0.00342,0.00095,0.00194,0.01131
1691674635.113269805908203,0.00316,0.00021,0.00052,0.00376,0.00189,0.00184,0.01139
1691674635.146616697311401,0.00628,0.00019,0.00100,0.00414,0.00161,0.00166,0.01488
1691674635.179964780807495,0.00308,0.00023,0.00037,0.00435,0.00707,0.00185,0.01695
1691674635.213309764862061,0.00725,0.00024,0.00023,0.00478,0.00315,0.00181,0.01745
1691674635.246658325195312,0.00736,0.00037,0.00286,0.00743,0.00341,0.00199,0.02342
1691674635.280006170272827,0.00301,0.00024,0.00031,0.00493,0.00178,0.00178,0.01205
1691674635.313354253768921,0.00307,0.00023,0.00053,0.00513,0.00272,0.00178,0.01346
1691674635.346701145172119,0.00509,0.00022,0.00011,0.00531,0.00000,0.00177,0.01249
1691674635.380053043365479,0.00889,0.00039,0.00636,0.00622,0.00000,0.00232,0.02418
1691674635.413401365280151,0.00315,0.00023,0.00008,0.00411,0.00153,0.00179,0.01090
1691674635.446752309799194,0.00331,0.00025,0.00010,0.00464,0.00213,0.00192,0.01234
1691674635.480101346969604,0.00271,0.00020,0.00014,0.00429,0.00339,0.00168,0.01241
1691674635.513445854187012,0.00302,0.00030,0.00014,0.00493,0.00145,0.00187,0.01171
1691674635.546792030334473,0.00455,0.00022,0.00028,0.00497,0.00347,0.00192,0.01542
1691674635.580137729644775,0.00955,0.00058,0.00101,0.00967,0.00234,0.00253,0.02568
1691674635.613483905792236,0.00446,0.00038,0.00168,0.00631,0.00307,0.00183,0.01774
1691674635.646830797195435,0.00307,0.00021,0.00140,0.00501,0.00090,0.00191,0.01250
1691674635.680176496505737,0.00336,0.00024,0.00047,0.00528,0.00176,0.00180,0.01290
1691674635.713525772094727,0.00287,0.00023,0.00040,0.00502,0.00350,0.00159,0.01359
1691674635.746872663497925,0.00322,0.00023,0.00012,0.00601,0.00000,0.00166,0.01124
1691674635.780219078063965,0.00367,0.00025,0.00020,0.00510,0.00029,0.00198,0.01150
1691674635.813562393188477,0.00596,0.00023,0.00205,0.00499,0.00010,0.00200,0.01533
1691674635.846907615661621,0.00320,0.00023,0.00002,0.00463,0.00000,0.00184,0.00992
1691674635.880254030227661,0.00651,0.00020,0.00007,0.00423,0.00220,0.00209,0.01531
1691674635.913600921630859,0.00295,0.00028,0.00022,0.00417,0.00342,0.00165,0.01270
1691674635.946948289871216,0.00599,0.00031,0.00024,0.00447,0.00144,0.00164,0.01409
1691674635.980293750762939,0.00454,0.00024,0.00054,0.00418,0.00000,0.00167,0.01118
1691674636.013639211654663,0.00723,0.00024,0.00021,0.00344,0.00057,0.00171,0.01339
1691674636.046991348266602,0.00426,0.00022,0.00035,0.00341,0.00390,0.00198,0.01413
1691674636.080340862274170,0.00294,0.00018,0.00115,0.00415,0.00071,0.00183,0.01097
1691674636.113691091537476,0.00271,0.00020,0.00052,0.00399,0.00043,0.00168,0.00953
1691674636.147040605545044,0.00683,0.00026,0.00028,0.00425,0.00119,0.00194,0.01474
1691674636.180392026901245,0.00289,0.00018,0.00001,0.00443,0.00131,0.00236,0.01119
1691674636.213739871978760,0.01287,0.00045,0.00004,0.00899,0.00920,0.00273,0.03428
1691674636.247087478637695,0.00363,0.00023,0.00009,0.00505,0.00007,0.00179,0.01087
1691674636.280437469482422,0.00304,0.00020,0.00003,0.00486,0.00191,0.00193,0.01197
1691674636.313788890838623,0.01182,0.00066,0.00176,0.00813,0.00001,0.00221,0.02460
1691674636.347136497497559,0.00306,0.00022,0.00107,0.00464,0.00550,0.00172,0.01620
1691674636.380486249923706,0.00372,0.00023,0.00242,0.00487,0.00484,0.00187,0.01794
1691674636.413835287094116,0.00324,0.00023,0.00015,0.00525,0.00363,0.00162,0.01412
1691674636.447185754776001,0.00620,0.00026,0.00021,0.00571,0.00122,0.00173,0.01533
1691674636.480538368225098,0.00322,0.00023,0.00104,0.00479,0.00206,0.00182,0.01315
1691674636.513888835906982,0.00615,0.00022,0.00017,0.00504,0.00033,0.00167,0.01358
1691674636.547239303588867,0.00314,0.00024,0.00032,0.00491,0.00028,0.00205,0.01094
1691674636.580593585968018,0.00436,0.00019,0.00019,0.00489,0.00319,0.00170,0.01451
1691674636.613942146301270,0.00271,0.00021,0.00070,0.00494,0.00005,0.00155,0.01016
1691674636.647290706634521,0.00424,0.00021,0.00064,0.00479,0.00007,0.00182,0.01177
1691674636.680633306503296,0.00611,0.00019,0.00013,0.00393,0.00343,0.00189,0.01569
1691674636.713983774185181,0.00339,0.00023,0.00013,0.00344,0.00176,0.00188,0.01083
1691674636.747335910797119,0.01287,0.00059,0.00100,0.00935,0.00156,0.00181,0.02719
1691674636.780689716339111,0.00268,0.00019,0.00025,0.00434,0.00038,0.00211,0.00995
1691674636.814040422439575,0.00311,0.00019,0.00016,0.00409,0.00105,0.00168,0.01028
1691674636.847385883331299,0.00324,0.00018,0.00024,0.00373,0.00000,0.00180,0.00920
1691674636.880730152130127,0.00278,0.00021,0.00017,0.00351,0.00302,0.00173,0.01141
1691674636.914070606231689,0.00352,0.00019,0.00034,0.00391,0.00429,0.00178,0.01403
1691674636.947419881820679,0.00363,0.00034,0.00009,0.00469,0.00752,0.00180,0.01808
1691674636.980772972106934,0.00333,0.00023,0.00002,0.00462,0.00161,0.00174,0.01155
1691674637.014122486114502,0.00302,0.00023,0.00013,0.00504,0.00392,0.00222,0.01456
1691674637.047478437423706,0.00336,0.00021,0.00016,0.00572,0.00301,0.00169,0.01417
1691674637.080829620361328,0.00398,0.00023,0.00106,0.00636,0.00438,0.00175,0.01776
1691674637.114178657531738,0.00413,0.00027,0.00028,0.00700,0.00000,0.00171,0.01340
1691674637.147525310516357,0.00312,0.00029,0.00009,0.00694,0.00187,0.00182,0.01413
1691674637.180871963500977,0.00600,0.00026,0.00033,0.00752,0.00298,0.00188,0.01896
1691674637.214220762252808,0.00305,0.00025,0.00037,0.00723,0.00180,0.00220,0.01492
1691674637.247572422027588,0.00526,0.00024,0.00004,0.00826,0.00000,0.00200,0.01580
1691674637.280921220779419,0.00409,0.00026,0.00105,0.00619,0.00097,0.00191,0.01447
1691674637.314271211624146,0.00309,0.00028,0.00138,0.00565,0.00028,0.00174,0.01242
1691674637.347612380981445,0.00284,0.00024,0.00069,0.00587,0.00811,0.00176,0.01951
1691674637.380961656570435,0.00304,0.00024,0.00158,0.00723,0.00217,0.00185,0.01612
1691674637.414308786392212,0.00310,0.00027,0.00219,0.00723,0.00231,0.00202,0.01713
1691674637.447658777236938,0.00386,0.00027,0.00371,0.00685,0.00353,0.00182,0.02005
1691674637.481005430221558,0.00362,0.00035,0.00024,0.00663,0.00140,0.00168,0.01392
1691674637.514355421066284,0.00331,0.00028,0.00035,0.00749,0.00057,0.00173,0.01373
1691674637.547704219818115,0.00892,0.00025,0.00027,0.00674,0.00184,0.00175,0.01977
1691674637.581054449081421,0.00554,0.00026,0.00020,0.00624,0.00041,0.00199,0.01465
1691674637.614403247833252,0.00356,0.00022,0.00114,0.00626,0.00026,0.00162,0.01307
1691674637.647752285003662,0.00295,0.00023,0.00194,0.00622,0.00566,0.00170,0.01871
1691674637.681101560592651,0.00379,0.00023,0.00002,0.00756,0.00000,0.00204,0.01364
1691674637.714451551437378,0.00318,0.00024,0.00133,0.00660,0.00125,0.00184,0.01445
1691674637.747801065444946,0.00734,0.00026,0.00032,0.00749,0.00016,0.00173,0.01730
1691674637.781151533126831,0.00330,0.00022,0.00004,0.00705,0.00008,0.00195,0.01264
1691674637.814501762390137,0.00339,0.00029,0.00023,0.00634,0.00477,0.00207,0.01709
1691674637.847852468490601,0.00335,0.00028,0.00031,0.00576,0.00214,0.00181,0.01365
1691674637.881201982498169,0.00429,0.00022,0.00133,0.00538,0.00394,0.00164,0.01680
1691674637.914552450180054,0.00347,0.00023,0.00023,0.00538,0.00732,0.00204,0.01868
1691674637.947900533676147,0.00339,0.00025,0.00158,0.00628,0.00032,0.00178,0.01361
1691674637.981251001358032,0.00515,0.00022,0.00046,0.00570,0.00010,0.00196,0.01360
1691674638.014603137969971,0.00310,0.00028,0.00029,0.00501,0.00194,0.00184,0.01246
1691674638.047955274581909,0.00432,0.00023,0.00067,0.00506,0.00050,0.00202,0.01280
1691674638.081305742263794,0.00435,0.00027,0.00047,0.00651,0.00001,0.00197,0.01359
1691674638.114660978317261,0.00323,0.00030,0.00129,0.00431,0.00085,0.00218,0.01215
1691674638.148004293441772,0.00489,0.00022,0.00191,0.00371,0.00758,0.00176,0.02008
1691674638.181355714797974,0.00356,0.00020,0.00027,0.00396,0.00739,0.00173,0.01711
1691674638.214704513549805,0.00302,0.00020,0.00013,0.00471,0.00135,0.00189,0.01130
1691674638.248054504394531,0.00330,0.00022,0.00078,0.00523,0.00028,0.00162,0.01145
1691674638.281406641006470,0.00386,0.00040,0.00059,0.00453,0.00236,0.00172,0.01346
1691674638.314764738082886,0.00341,0.00022,0.00002,0.00485,0.00016,0.00193,0.01060
1691674638.348103761672974,0.00315,0.00024,0.00179,0.00477,0.00268,0.00160,0.01423
1691674638.381455421447754,0.00336,0.00022,0.00079,0.00508,0.00092,0.00207,0.01244
1691674638.414804458618164,0.00359,0.00021,0.00016,0.00481,0.00005,0.00170,0.01052
1691674638.448157072067261,0.00363,0.00022,0.00062,0.00453,0.00906,0.00196,0.02003
1691674638.481506586074829,0.00372,0.00024,0.00022,0.00518,0.00028,0.00209,0.01173
1691674638.514856100082397,0.00324,0.00022,0.00057,0.00458,0.00046,0.00180,0.01087
1691674638.548204183578491,0.00297,0.00023,0.00055,0.00550,0.00900,0.00190,0.02015
1691674638.581556320190430,0.00333,0.00024,0.00086,0.00615,0.00459,0.00180,0.01698
1691674638.614904403686523,0.00338,0.00023,0.00068,0.00682,0.00208,0.00193,0.01512
1691674638.648254394531250,0.00314,0.00024,0.00101,0.00640,0.00304,0.00187,0.01570
1691674638.681604862213135,0.00414,0.00028,0.00055,0.00691,0.00350,0.00204,0.01742
1691674638.714955329895020,0.00448,0.00025,0.00158,0.00720,0.00031,0.00225,0.01607
1691674638.748305082321167,0.00765,0.00033,0.00027,0.00720,0.00548,0.00199,0.02291
1691674638.781658649444580,0.00394,0.00025,0.00056,0.00733,0.00010,0.00218,0.01435
1691674638.815008401870728,0.00328,0.00029,0.00092,0.00704,0.00006,0.00180,0.01339
1691674638.848362445831299,0.00382,0.00023,0.00311,0.00839,0.00473,0.00179,0.02207
1691674638.881719112396240,0.00352,0.00026,0.00020,0.00673,0.00000,0.00187,0.01257
1691674638.915076255798340,0.00436,0.00024,0.00045,0.00566,0.00122,0.00229,0.01422
1691674638.948427677154541,0.00314,0.00022,0.00184,0.00511,0.00026,0.00171,0.01227
1691674638.981786727905273,0.00351,0.00025,0.00068,0.00507,0.00221,0.00190,0.01362
1691674639.015141725540161,0.00327,0.00024,0.00053,0.00509,0.00160,0.00183,0.01257
1691674639.048488378524780,0.00320,0.00023,0.00118,0.00526,0.00256,0.00168,0.01411
1691674639.081837177276611,0.00687,0.00028,0.00028,0.00540,0.00000,0.00205,0.01489
1691674639.115189552307129,0.00381,0.00024,0.00171,0.00510,0.00000,0.00184,0.01271
1691674639.148538112640381,0.00363,0.00023,0.00143,0.00485,0.00251,0.00170,0.01436
1691674639.181886911392212,0.00435,0.00023,0.00017,0.00490,0.00348,0.00201,0.01514
1691674639.215236902236938,0.00287,0.00021,0.00052,0.00542,0.00692,0.00242,0.01836
1691674639.248590946197510,0.00646,0.00024,0.00002,0.00681,0.00476,0.00241,0.02070
1691674639.281941175460815,0.00367,0.00024,0.00012,0.00699,0.00053,0.00194,0.01350
1691674639.315291643142700,0.00324,0.00026,0.00004,0.00683,0.00007,0.00198,0.01242
1691674639.348640918731689,0.00335,0.00024,0.00111,0.00654,0.00029,0.00190,0.01343
1691674639.381991147994995,0.00438,0.00027,0.00122,0.00661,0.00290,0.00191,0.01728
1691674639.415342569351196,0.00326,0.00024,0.00029,0.00630,0.00032,0.00184,0.01224
1691674639.448696851730347,0.00344,0.00025,0.00044,0.00620,0.00024,0.00180,0.01236
1691674639.482049226760864,0.01311,0.00057,0.00082,0.01010,0.00045,0.00267,0.02771
1691674639.515400171279907,0.00357,0.00024,0.00010,0.00463,0.00006,0.00198,0.01058
1691674639.548748970031738,0.00358,0.00026,0.00074,0.00440,0.00083,0.00184,0.01164
1691674639.582098007202148,0.00318,0.00023,0.00037,0.00420,0.00289,0.00209,0.01294
1691674639.615442991256714,0.00317,0.00022,0.00016,0.00428,0.00359,0.00185,0.01328
1691674639.648791551589966,0.00325,0.00025,0.00113,0.00540,0.00075,0.00226,0.01302
1691674639.682141304016113,0.00363,0.00028,0.00239,0.00550,0.00226,0.00191,0.01597
1691674639.715494394302368,0.00348,0.00023,0.00030,0.00549,0.00007,0.00225,0.01184
1691674639.748849868774414,0.00317,0.00027,0.00158,0.00451,0.00040,0.00210,0.01202
1691674639.782205820083618,0.00323,0.00021,0.00080,0.00442,0.00248,0.00182,0.01296
1691674639.815561294555664,0.00284,0.00019,0.00002,0.00406,0.00359,0.00202,0.01273
1691674639.848914623260498,0.00256,0.00024,0.00147,0.00480,0.00342,0.00170,0.01419
1691674639.882265329360962,0.00369,0.00023,0.00016,0.00478,0.00006,0.00171,0.01064
1691674639.915615797042847,0.00286,0.00019,0.00003,0.00484,0.00006,0.00196,0.00994
1691674639.948965549468994,0.00408,0.00045,0.00008,0.00484,0.00000,0.00211,0.01156
1691674639.982315301895142,0.00358,0.00023,0.00002,0.00457,0.00008,0.00187,0.01035
1691674640.015664577484131,0.01159,0.00075,0.00021,0.01661,0.00274,0.00364,0.03554
1691674640.049015760421753,0.00476,0.00022,0.00004,0.00494,0.00133,0.00175,0.01304
1691674640.082364082336426,0.00370,0.00023,0.00093,0.00525,0.00313,0.00186,0.01510
1691674640.115714073181152,0.00390,0.00023,0.00029,0.00486,0.00006,0.00179,0.01113
1691674640.149062633514404,0.00350,0.00022,0.00013,0.00482,0.00014,0.00210,0.01092
1691674640.182413339614868,0.00581,0.00022,0.00039,0.00482,0.00140,0.00227,0.01491
1691674640.215768575668335,0.01000,0.00049,0.00022,0.00853,0.00032,0.00283,0.02238
1691674640.249125480651855,0.00440,0.00023,0.00025,0.00465,0.01075,0.00183,0.02211
1691674640.282475471496582,0.00357,0.00024,0.00002,0.00592,0.00185,0.00163,0.01324
1691674640.315823793411255,0.00347,0.00024,0.00009,0.00621,0.00006,0.00179,0.01187
1691674640.349177122116089,0.00544,0.00025,0.00027,0.00554,0.00179,0.00175,0.01503
1691674640.382541894912720,0.00740,0.00022,0.00002,0.00602,0.00009,0.00193,0.01569
1691674640.415896415710449,0.00311,0.00021,0.00008,0.00565,0.00033,0.00169,0.01107
1691674640.449249982833862,0.00277,0.00022,0.00050,0.00619,0.00038,0.00214,0.01221
1691674640.482602119445801,0.00410,0.00026,0.00021,0.00539,0.00038,0.00180,0.01214
1691674640.515951395034790,0.00312,0.00023,0.00075,0.00525,0.00267,0.00199,0.01402
1691674640.549301862716675,0.00336,0.00024,0.00006,0.00613,0.00010,0.00193,0.01182
1691674640.582654476165771,0.00286,0.00022,0.00256,0.00579,0.00231,0.00185,0.01558
1691674640.616003036499023,0.00311,0.00021,0.00026,0.00497,0.00018,0.00200,0.01074
1691674640.649352788925171,0.00283,0.00024,0.00022,0.00469,0.00310,0.00180,0.01288
1691674640.682702064514160,0.00309,0.00025,0.00024,0.00474,0.00013,0.00181,0.01026
1691674640.716054439544678,0.00337,0.00022,0.00009,0.00470,0.00028,0.00182,0.01047
1691674640.749404668807983,0.00288,0.00023,0.00069,0.00473,0.00025,0.00194,0.01072
1691674640.782754421234131,0.00320,0.00025,0.00010,0.00430,0.00008,0.00167,0.00959
1691674640.816104412078857,0.00358,0.00020,0.00064,0.00428,0.00010,0.00172,0.01052
1691674640.849455833435059,0.00306,0.00020,0.00006,0.00427,0.00237,0.00196,0.01193
1691674640.882805824279785,0.00310,0.00021,0.00059,0.00421,0.00038,0.00191,0.01040
1691674640.916157007217407,0.00322,0.00018,0.00063,0.00379,0.00225,0.00173,0.01181
1691674640.949506759643555,0.00283,0.00020,0.00007,0.00422,0.00012,0.00212,0.00956
1691674640.982856035232544,0.00726,0.00021,0.00021,0.00392,0.00447,0.00208,0.01816
1691674641.016204833984375,0.00333,0.00018,0.00003,0.00351,0.00018,0.00172,0.00895
1691674641.049556016921997,0.00359,0.00023,0.00020,0.00305,0.00173,0.00190,0.01070
1691674641.082906007766724,0.00367,0.00020,0.00086,0.00305,0.00564,0.00208,0.01550
1691674641.116260766983032,0.00325,0.00017,0.00136,0.00351,0.00045,0.00190,0.01064
1691674641.149616479873657,0.00865,0.00026,0.00012,0.00405,0.00040,0.00226,0.01573
1691674641.182971000671387,0.00379,0.00021,0.00121,0.00401,0.00029,0.00211,0.01161
1691674641.216325044631958,0.00312,0.00018,0.00051,0.00391,0.00293,0.00189,0.01254
1691674641.249679803848267,0.00741,0.00021,0.00126,0.00426,0.00264,0.00202,0.01779
1691674641.283029556274414,0.00341,0.00021,0.00017,0.00438,0.00056,0.00206,0.01079
1691674641.316380500793457,0.00345,0.00024,0.00043,0.00436,0.00034,0.00218,0.01101
1691674641.349730491638184,0.00362,0.00026,0.00012,0.00452,0.00522,0.00179,0.01553
1691674641.383080005645752,0.00413,0.00021,0.00016,0.00472,0.00016,0.00176,0.01115
1691674641.416428565979004,0.00351,0.00021,0.00016,0.00446,0.00015,0.00208,0.01059
1691674641.449777603149414,0.01043,0.00071,0.00014,0.01534,0.00676,0.00273,0.03611
1691674641.483126640319824,0.00337,0.00022,0.00056,0.00459,0.00539,0.00181,0.01593
1691674641.516476154327393,0.00378,0.00023,0.00002,0.00569,0.00010,0.00185,0.01168
1691674641.549824476242065,0.00390,0.00022,0.00018,0.00509,0.00144,0.00171,0.01255
1691674641.583174705505371,0.00298,0.00024,0.00023,0.00519,0.00393,0.00177,0.01435
1691674641.616524219512939,0.00353,0.00025,0.00066,0.00494,0.00005,0.00179,0.01123
1691674641.649874448776245,0.00287,0.00021,0.00044,0.00497,0.00333,0.00198,0.01380
1691674641.683223962783813,0.00277,0.00028,0.00015,0.00593,0.00017,0.00203,0.01132
1691674641.716574192047119,0.00673,0.00023,0.00067,0.00494,0.00517,0.00185,0.01959
1691674641.749923229217529,0.00303,0.00022,0.00002,0.00578,0.00211,0.00177,0.01294
1691674641.783273458480835,0.00376,0.00023,0.00073,0.00545,0.00070,0.00176,0.01263
1691674641.816622734069824,0.00272,0.00023,0.00017,0.00538,0.00010,0.00200,0.01061
1691674641.849970817565918,0.00302,0.00031,0.00018,0.00493,0.00013,0.00199,0.01055
1691674641.883319139480591,0.00310,0.00021,0.00039,0.00398,0.00061,0.00177,0.01006
1691674641.916667699813843,0.00325,0.00030,0.00009,0.00394,0.00015,0.00280,0.01054
1691674641.950015306472778,0.00327,0.00024,0.00053,0.00391,0.00052,0.00170,0.01017
1691674641.983364343643188,0.00309,0.00019,0.00007,0.00422,0.00020,0.00232,0.01008
1691674642.016711235046387,0.00314,0.00021,0.00002,0.00399,0.00038,0.00178,0.00952
1691674642.050058603286743,0.00300,0.00019,0.00011,0.00366,0.00174,0.00211,0.01081
1691674642.083405733108521,0.00880,0.00099,0.00100,0.00968,0.00526,0.00293,0.02866
1691674642.116754055023193,0.00342,0.00035,0.00190,0.00438,0.00287,0.00176,0.01468
1691674642.150103092193604,0.00289,0.00020,0.00010,0.00497,0.00107,0.00191,0.01113
1691674642.183452606201172,0.00614,0.00022,0.00062,0.00427,0.00048,0.00214,0.01387
1691674642.216801643371582,0.00407,0.00022,0.00008,0.00426,0.00314,0.00184,0.01362
1691674642.250150680541992,0.00422,0.00023,0.00103,0.00454,0.00030,0.00180,0.01213
1691674642.283498287200928,0.00655,0.00034,0.00014,0.00692,0.00494,0.00219,0.02109
1691674642.316847085952759,0.00284,0.00022,0.00065,0.00570,0.00261,0.00188,0.01390
1691674642.350194692611694,0.00306,0.00031,0.00083,0.00505,0.00093,0.00183,0.01202
1691674642.383544445037842,0.00404,0.00026,0.00072,0.00428,0.00040,0.00194,0.01164
1691674642.416892766952515,0.00311,0.00021,0.00079,0.00426,0.00044,0.00197,0.01078
1691674642.450242042541504,0.00306,0.00019,0.00205,0.00400,0.00041,0.00198,0.01169
1691674642.483591079711914,0.00332,0.00021,0.00039,0.00344,0.00006,0.00185,0.00927
1691674642.516940593719482,0.01263,0.00067,0.00080,0.00813,0.00041,0.00325,0.02590
1691674642.550288677215576,0.00372,0.00020,0.00016,0.00444,0.00059,0.00227,0.01138
1691674642.583637237548828,0.00350,0.00021,0.00008,0.00370,0.00463,0.00180,0.01391
1691674642.616983890533447,0.00609,0.00020,0.00119,0.00387,0.00166,0.00180,0.01482
1691674642.650331974029541,0.00360,0.00019,0.00073,0.00338,0.00076,0.00170,0.01036
1691674642.683681011199951,0.00345,0.00023,0.00009,0.00328,0.00089,0.00178,0.00972
1691674642.717029571533203,0.00329,0.00020,0.00121,0.00331,0.00008,0.00205,0.01014
1691674642.750377178192139,0.00360,0.00018,0.00041,0.00390,0.00173,0.00179,0.01161
1691674642.783722877502441,0.00320,0.00021,0.00018,0.00302,0.00167,0.00194,0.01023
1691674642.817067623138428,0.00717,0.00019,0.00008,0.00308,0.00325,0.00188,0.01564
1691674642.850413799285889,0.00325,0.00019,0.00052,0.00345,0.00164,0.00181,0.01086
1691674642.883762121200562,0.00336,0.00019,0.00015,0.00328,0.00160,0.00204,0.01063
1691674642.917111158370972,0.00309,0.00020,0.00012,0.00370,0.00025,0.00181,0.00917
1691674642.950459718704224,0.00379,0.00023,0.00009,0.00376,0.00120,0.00213,0.01121
1691674642.983807325363159,0.00308,0.00027,0.00012,0.00414,0.00798,0.00184,0.01743
1691674643.017153024673462,0.00349,0.00019,0.00007,0.00440,0.00270,0.00186,0.01270
1691674643.050501585006714,0.00675,0.00022,0.00007,0.00449,0.00936,0.00197,0.02287
1691674643.083849430084229,0.00354,0.00023,0.00023,0.00473,0.00195,0.00196,0.01265
1691674643.117197513580322,0.00330,0.00023,0.00023,0.00498,0.00323,0.00198,0.01394
1691674643.150541543960571,0.01578,0.00115,0.00061,0.01567,0.01428,0.00200,0.04949
1691674643.183890104293823,0.00316,0.00026,0.00176,0.00779,0.00027,0.00192,0.01516
1691674643.217235803604126,0.00297,0.00022,0.00125,0.00721,0.00017,0.00195,0.01377
1691674643.250581502914429,0.00312,0.00024,0.00107,0.00700,0.00047,0.00193,0.01384
1691674643.283928871154785,0.00331,0.00024,0.00060,0.00679,0.00012,0.00183,0.01289
1691674643.317276239395142,0.00326,0.00022,0.00011,0.00637,0.00034,0.00212,0.01241
1691674643.350622415542603,0.00455,0.00026,0.00038,0.00629,0.00614,0.00218,0.01979
1691674643.383970737457275,0.00359,0.00030,0.00016,0.00683,0.00040,0.00179,0.01306
1691674643.417317628860474,0.00430,0.00029,0.00073,0.00614,0.00032,0.00186,0.01365
1691674643.450665950775146,0.00741,0.00027,0.00033,0.00582,0.00201,0.00180,0.01765
1691674643.484013557434082,0.00643,0.00026,0.00019,0.00736,0.00244,0.00209,0.01877
1691674643.517362594604492,0.00329,0.00024,0.00038,0.00580,0.00045,0.00193,0.01209
1691674643.550711154937744,0.00690,0.00022,0.00055,0.00598,0.00159,0.00200,0.01725
1691674643.584059000015259,0.00415,0.00025,0.00064,0.00546,0.00253,0.00197,0.01500
1691674643.617407321929932,0.00306,0.00021,0.00008,0.00553,0.00051,0.00189,0.01127
1691674643.650755405426025,0.00350,0.00018,0.00102,0.00688,0.00575,0.00182,0.01916
1691674643.684101581573486,0.00348,0.00028,0.00019,0.00649,0.00352,0.00196,0.01591
1691674643.717449903488159,0.00319,0.00023,0.00024,0.00645,0.00182,0.00198,0.01392
1691674643.750798702239990,0.00778,0.00029,0.00008,0.00698,0.00015,0.00190,0.01719
1691674643.784145355224609,0.00425,0.00023,0.00009,0.00639,0.00340,0.00206,0.01642
1691674643.817491531372070,0.00355,0.00030,0.00105,0.00628,0.00111,0.00172,0.01401
1691674643.850839138031006,0.00349,0.00022,0.00002,0.00661,0.00326,0.00171,0.01531
1691674643.884184837341309,0.00444,0.00022,0.00062,0.00640,0.00174,0.00185,0.01527
1691674643.917531490325928,0.00376,0.00023,0.00035,0.00595,0.00012,0.00181,0.01222
1691674643.950875997543335,0.00453,0.00032,0.00003,0.00805,0.00000,0.00179,0.01471
1691674643.984220266342163,0.00338,0.00023,0.00095,0.00586,0.00174,0.00195,0.01410
1691674644.017565965652466,0.00321,0.00021,0.00033,0.00557,0.00213,0.00179,0.01323
1691674644.050913333892822,0.00436,0.00020,0.00025,0.00479,0.00191,0.00217,0.01369
1691674644.084255218505859,0.00360,0.00021,0.00063,0.00476,0.00623,0.00181,0.01723
1691674644.117598533630371,0.00488,0.00023,0.00028,0.00470,0.00197,0.00187,0.01394
1691674644.150936126708984,0.01165,0.00052,0.00069,0.01309,0.00027,0.00346,0.02968
1691674644.184279918670654,0.00400,0.00024,0.00030,0.00422,0.00035,0.00209,0.01119
1691674644.217626571655273,0.00337,0.00022,0.00036,0.00402,0.00074,0.00189,0.01060
1691674644.250969648361206,0.00474,0.00021,0.00012,0.00403,0.00001,0.00185,0.01096
1691674644.284313917160034,0.00416,0.00032,0.00040,0.00364,0.00079,0.00191,0.01120
1691674644.317661046981812,0.00387,0.00020,0.00013,0.00366,0.00018,0.00192,0.00996
1691674644.351006507873535,0.00625,0.00020,0.00032,0.00406,0.00008,0.00195,0.01285
1691674644.384351968765259,0.00383,0.00022,0.00027,0.00328,0.00141,0.00215,0.01117
1691674644.417696237564087,0.00310,0.00021,0.00038,0.00335,0.00487,0.00190,0.01381
1691674644.451042175292969,0.00449,0.00019,0.00028,0.00424,0.00315,0.00189,0.01424
1691674644.484388113021851,0.00341,0.00020,0.00010,0.00390,0.00085,0.00211,0.01058
1691674644.517734050750732,0.01025,0.00050,0.00081,0.00968,0.00590,0.00341,0.03055
1691674644.551078319549561,0.00448,0.00037,0.00049,0.00459,0.00414,0.00186,0.01593
1691674644.584425449371338,0.00811,0.00068,0.00068,0.01196,0.00385,0.00325,0.02853
1691674644.617772340774536,0.00319,0.00020,0.00030,0.00460,0.00026,0.00190,0.01045
1691674644.651120185852051,0.00469,0.00022,0.00015,0.00427,0.00155,0.00181,0.01270
1691674644.684466600418091,0.00389,0.00024,0.00018,0.00470,0.00024,0.00189,0.01114
1691674644.717814207077026,0.00351,0.00021,0.00036,0.00438,0.00017,0.00179,0.01042
1691674644.751159906387329,0.00503,0.00023,0.00014,0.00563,0.00042,0.00260,0.01404
1691674644.784506797790527,0.00333,0.00024,0.00018,0.00407,0.00004,0.00189,0.00975
1691674644.817853212356567,0.00841,0.00034,0.00065,0.00605,0.00363,0.00296,0.02203
1691674644.851201295852661,0.00357,0.00027,0.00019,0.00358,0.00146,0.00190,0.01096
1691674644.884546041488647,0.00383,0.00021,0.00015,0.00381,0.00173,0.00195,0.01168
1691674644.917890548706055,0.00378,0.00019,0.00011,0.00399,0.00006,0.00202,0.01016
1691674644.951234102249146,0.00695,0.00022,0.00002,0.00401,0.00083,0.00191,0.01394
1691674644.984581232070923,0.00330,0.00021,0.00036,0.00401,0.00009,0.00192,0.00989
1691674645.017927885055542,0.00770,0.00022,0.00077,0.00398,0.00164,0.00202,0.01634
1691674645.051275253295898,0.00385,0.00021,0.00015,0.00404,0.00191,0.00180,0.01196
1691674645.084620714187622,0.00578,0.00035,0.00099,0.00763,0.00093,0.00339,0.01907
1691674645.117968320846558,0.00396,0.00021,0.00045,0.00380,0.00178,0.00182,0.01203
1691674645.151311397552490,0.00339,0.00021,0.00017,0.00391,0.00356,0.00188,0.01312
1691674645.184656858444214,0.00704,0.00021,0.00016,0.00381,0.00202,0.00194,0.01518
1691674645.218001842498779,0.00348,0.00020,0.00028,0.00388,0.00134,0.00170,0.01088
1691674645.251348495483398,0.00335,0.00022,0.00018,0.00497,0.00233,0.00219,0.01324
1691674645.284693717956543,0.00428,0.00022,0.00007,0.00402,0.00024,0.00194,0.01077
1691674645.318042039871216,0.00348,0.00020,0.00037,0.00413,0.00005,0.00184,0.01007
1691674645.351387977600098,0.00386,0.00031,0.00017,0.00424,0.00154,0.00171,0.01183
1691674645.384726762771606,0.00331,0.00022,0.00029,0.00420,0.00010,0.00190,0.01001
1691674645.418068170547485,0.00336,0.00022,0.00013,0.00393,0.00018,0.00189,0.00971
1691674645.451413869857788,0.00350,0.00021,0.00027,0.00393,0.00088,0.00175,0.01055
1691674645.484758377075195,0.00330,0.00021,0.00018,0.00356,0.00084,0.00176,0.00985
1691674645.518105030059814,0.00320,0.00021,0.00002,0.00379,0.00018,0.00189,0.00929
1691674645.551450967788696,0.00392,0.00033,0.00024,0.00407,0.00013,0.00223,0.01092
1691674645.584796428680420,0.00290,0.00019,0.00007,0.00370,0.00178,0.00206,0.01070
1691674645.618141651153564,0.01124,0.00104,0.00008,0.01838,0.00283,0.00407,0.03765
1691674645.651489973068237,0.00384,0.00026,0.00014,0.00414,0.00026,0.00186,0.01052
1691674645.684838294982910,0.00304,0.00021,0.00004,0.00322,0.00045,0.00171,0.00868
1691674645.718187332153320,0.00300,0.00020,0.00004,0.00309,0.00046,0.00185,0.00864
1691674645.751532316207886,0.00289,0.00027,0.00027,0.00368,0.00291,0.00205,0.01208
1691674645.784880638122559,0.00282,0.00022,0.00015,0.00382,0.00013,0.00221,0.00936
1691674645.818228244781494,0.00370,0.00019,0.00002,0.00350,0.00015,0.00185,0.00943
1691674645.851576805114746,0.00315,0.00018,0.00008,0.00356,0.00012,0.00180,0.00891
1691674645.884924888610840,0.01136,0.00044,0.00144,0.00629,0.00080,0.00276,0.02308
1691674645.918274164199829,0.00391,0.00018,0.00009,0.00352,0.00023,0.00197,0.00989
1691674645.951622247695923,0.00302,0.00019,0.00003,0.00347,0.00028,0.00224,0.00923
1691674645.984970569610596,0.00852,0.00061,0.00010,0.00999,0.00092,0.00393,0.02407
1691674646.018317937850952,0.00329,0.00021,0.00009,0.00375,0.00022,0.00207,0.00964
1691674646.051666021347046,0.00302,0.00017,0.00004,0.00352,0.00045,0.00194,0.00914
1691674646.085014104843140,0.00312,0.00020,0.00009,0.00344,0.00027,0.00185,0.00898
1691674646.118363618850708,0.00276,0.00021,0.00004,0.00348,0.00033,0.00194,0.00875
1691674646.151711702346802,0.00694,0.00053,0.00010,0.00616,0.00077,0.00185,0.01636
1691674646.185061693191528,0.00310,0.00021,0.00004,0.00347,0.00087,0.00187,0.00957
1691674646.218410015106201,0.01076,0.00072,0.00022,0.01138,0.00039,0.00392,0.02739
1691674646.251758813858032,0.00346,0.00023,0.00005,0.00355,0.00014,0.00193,0.00935
1691674646.285107374191284,0.00307,0.00025,0.00004,0.00356,0.00062,0.00201,0.00955
1691674646.318456888198853,0.00304,0.00020,0.00004,0.00356,0.00027,0.00186,0.00898
1691674646.351804018020630,0.00324,0.00021,0.00004,0.00432,0.00018,0.00185,0.00984
1691674646.385153055191040,0.00309,0.00019,0.00004,0.00346,0.00060,0.00213,0.00952
1691674646.418500423431396,0.00890,0.00075,0.00029,0.00726,0.00262,0.00308,0.02289
1691674646.451849460601807,0.00342,0.00019,0.00004,0.00349,0.00029,0.00201,0.00944
1691674646.485197782516479,0.00276,0.00023,0.00004,0.00340,0.00027,0.00213,0.00883
1691674646.518546819686890,0.00270,0.00019,0.00014,0.00335,0.00023,0.00194,0.00856
1691674646.551895141601562,0.00297,0.00024,0.00004,0.00358,0.00084,0.00177,0.00946
1691674646.585243940353394,0.00342,0.00023,0.00007,0.00336,0.00013,0.00174,0.00896
1691674646.618591785430908,0.00278,0.00019,0.00004,0.00323,0.00017,0.00191,0.00832
1691674646.651941061019897,0.00297,0.00021,0.00007,0.00337,0.00013,0.00186,0.00860
1691674646.685287952423096,0.00286,0.00019,0.00004,0.00332,0.00056,0.00166,0.00864
1691674646.718636751174927,0.00289,0.00020,0.00008,0.00349,0.00028,0.00205,0.00899
1691674646.751985073089600,0.00281,0.00019,0.00003,0.00340,0.00015,0.00196,0.00854
1691674646.785333395004272,0.00298,0.00021,0.00003,0.00345,0.00054,0.00199,0.00920
1691674646.818681478500366,0.00316,0.00019,0.00004,0.00331,0.00078,0.00189,0.00936
1691674646.852031230926514,0.00291,0.00022,0.00011,0.00408,0.00026,0.00234,0.00993
1691674646.885378122329712,0.00291,0.00018,0.00004,0.00338,0.00029,0.00232,0.00912
1691674646.918727159500122,0.00306,0.00018,0.00007,0.00341,0.00023,0.00269,0.00965
1691674646.952074050903320,0.00361,0.00028,0.00012,0.00399,0.00079,0.00253,0.01133
1691674646.985422849655151,0.00280,0.00020,0.00019,0.00380,0.00014,0.00191,0.00904
1691674647.018770933151245,0.00374,0.00030,0.00009,0.00342,0.00016,0.00204,0.00975
1691674647.052119731903076,0.00320,0.00020,0.00004,0.00307,0.00013,0.00177,0.00841
1691674647.085467338562012,0.00285,0.00019,0.00003,0.00311,0.00058,0.00176,0.00852
1691674647.118816375732422,0.00310,0.00023,0.00002,0.00324,0.00028,0.00185,0.00871
1691674647.152164220809937,0.00273,0.00018,0.00002,0.00411,0.00017,0.00197,0.00919
1691674647.185513019561768,0.00582,0.00033,0.00003,0.00485,0.00081,0.00261,0.01446
1691674647.218861103057861,0.00292,0.00019,0.00002,0.00302,0.00079,0.00191,0.00885
1691674647.252209901809692,0.00308,0.00019,0.00003,0.00322,0.00026,0.00201,0.00880
1691674647.285557746887207,0.00302,0.00021,0.00004,0.00312,0.00032,0.00186,0.00858
1691674647.318906545639038,0.00267,0.00018,0.00003,0.00304,0.00159,0.00192,0.00946
1691674647.352254629135132,0.00321,0.00036,0.00006,0.00427,0.00103,0.00196,0.01090
1691674647.385603427886963,0.00724,0.00020,0.00004,0.00338,0.00013,0.00201,0.01301
1691674647.418951272964478,0.00276,0.00019,0.00004,0.00341,0.00016,0.00201,0.00857
1691674647.452300071716309,0.00548,0.00032,0.00006,0.00341,0.00014,0.00193,0.01133
1691674647.485647916793823,0.00668,0.00018,0.00004,0.00337,0.00065,0.00196,0.01288
1691674647.518996477127075,0.00317,0.00020,0.00004,0.00337,0.00032,0.00191,0.00902
1691674647.552344322204590,0.00668,0.00021,0.00004,0.00340,0.00017,0.00184,0.01234
1691674647.585693359375000,0.00302,0.00020,0.00004,0.00341,0.00057,0.00206,0.00931
1691674647.619041204452515,0.00269,0.00020,0.00004,0.00340,0.00194,0.00193,0.01020
1691674647.652390003204346,0.00653,0.00020,0.00004,0.00360,0.00028,0.00193,0.01260
1691674647.685737609863281,0.00288,0.00018,0.00003,0.00352,0.00031,0.00189,0.00882
1691674647.719086647033691,0.00808,0.00034,0.00006,0.00626,0.00054,0.00289,0.01817
1691674647.752434492111206,0.00302,0.00019,0.00004,0.00368,0.00087,0.00249,0.01029
1691674647.785783052444458,0.00304,0.00019,0.00004,0.00376,0.00017,0.00210,0.00931
1691674647.819131135940552,0.00568,0.00019,0.00004,0.00355,0.00017,0.00178,0.01141
1691674647.852479934692383,0.00290,0.00019,0.00003,0.00360,0.00013,0.00184,0.00869
1691674647.885827779769897,0.00296,0.00019,0.00004,0.00348,0.00061,0.00180,0.00907
1691674647.919176578521729,0.00368,0.00024,0.00004,0.00351,0.00024,0.00181,0.00952
1691674647.952524900436401,0.00288,0.00017,0.00003,0.00360,0.00015,0.00200,0.00884
1691674647.985873699188232,0.00248,0.00019,0.00003,0.00349,0.00059,0.00211,0.00889
1691674648.019221544265747,0.00459,0.00020,0.00004,0.00347,0.00052,0.00193,0.01075
1691674648.052570581436157,0.00268,0.00017,0.00004,0.00358,0.00029,0.00206,0.00882
